denovo1 B1_AF333511 98.61 287 2 1 1 285 1 287 5e-153 531 B1_JN558057 306 (1396.5)
denovo10000 C46_EU449108 99.65 283 1 0 1 283 1 283 1e-159 553 C46_EU449108 300 (1406.0)
denovo100003 C46_EU449108 100.00 283 0 0 1 283 1 283 5e-162 561 C46_EU449108 300 (1415.0)
denovo100010 B1_AF333511 99.65 287 1 0 1 287 1 287 5e-162 561 B1_JN558057 306 (1426.0)
denovo100018 C1c/C45_EU449103 99.65 283 1 0 1 283 1 283 1e-159 553 C1c/C45_EU449103 300 (1406.0)
denovo100044 C44_AY589750 99.29 283 2 0 1 283 1 283 3e-157 545 C45a_AY765404 300 (1397.0)
denovo100046 B1_AF333511 99.29 283 2 0 5 287 5 287 3e-157 545 B1_JN558057 306 (1408.0)
denovo100048 C45a_AY765404 99.65 283 1 0 1 283 1 283 1e-159 553 C45a_AY765404 300 (1406.0)
denovo100055 B1_AF333511 99.65 287 1 0 1 287 1 287 5e-162 561 B1_JN558057 306 (1426.0)
denovo100074 B1_AF333511 100.00 12 0 0 84 95 95 84 2.8 24.3 B1_JN558057 306 (1417.0)
denovo100094 C12_AF499801 99.65 285 1 0 1 285 1 285 8e-161 557 C12_AF499801 302 (1416.0)
denovo100105 B1_AF333511 100.00 12 0 0 84 95 95 84 2.8 24.3 B1_JN558057 306 (1435.0)
denovo100107 B1_AF333511 99.65 287 1 0 1 287 1 287 5e-162 561 B1_JN558057 306 (1426.0)
denovo100108 B1_AF333511 99.30 287 2 0 1 287 1 287 1e-159 553 B1_JN558057 306 (1417.0)
denovo10011 C3_HE579001 99.29 283 2 0 1 283 1 283 3e-157 545 C3_HE579001 300 (1397.0)
denovo100111 C44_AY589750 99.64 281 1 0 3 283 3 283 2e-158 549 C45a_AY765404 300 (1397.0)
denovo10012 C3_HE579001 99.29 283 2 0 1 283 1 283 3e-157 545 C3_HE579001 300 (1397.0)
denovo100172 B1_AF333511 100.00 12 0 0 84 95 95 84 2.8 24.3 B1_JN558057 306 (1408.0)
denovo100174 C1.14_HE578987 99.65 283 1 0 1 283 1 283 1e-159 553 C3_HE579001 300 (1406.0)
denovo100180 C1_AF333515 99.65 283 1 0 1 283 1 283 1e-159 553 C1_JN558041 300 (1406.0)
denovo100184 C3_HE579001 99.65 283 1 0 1 283 1 283 1e-159 553 C3_HE579001 300 (1406.0)
denovo100202 C46_EU449108 99.65 283 1 0 1 283 1 283 1e-159 553 C46_EU449108 300 (1406.0)
denovo100213 C46_EU449108 98.94 283 1 2 1 281 1 283 4e-150 521 C46_EU449108 300 (1376.0)
denovo100221 C44_AY589750 99.65 283 1 0 1 283 1 283 1e-159 553 C44_AY589750 300 (1406.0)
denovo100226 B1_AF333511 99.65 287 1 0 1 287 1 287 5e-162 561 B1_JN558057 306 (1426.0)
denovo100229 C1_AF333515 99.65 283 1 0 1 283 1 283 1e-159 553 C1_JN558041 300 (1406.0)
denovo100230 C3_HE579001 99.65 283 1 0 1 283 1 283 1e-159 553 C3_HE579001 300 (1406.0)
denovo100232 C44_AY589750 99.29 283 2 0 1 283 1 283 3e-157 545 C45a_AY765404 300 (1397.0)
denovo100237 C3_HE579001 99.65 283 1 0 1 283 1 283 1e-159 553 C3_HE579001 300 (1406.0)
denovo100248 C45a_AY765404 99.65 283 1 0 1 283 1 283 1e-159 553 C45a_AY765404 300 (1406.0)
denovo100259 C45a_AY765404 99.65 283 1 0 1 283 1 283 1e-159 553 C45a_AY765404 300 (1406.0)
denovo100284 A4_AF333509 99.61 255 1 0 1 255 1 255 6e-143 498 A4_AF333509 272 (1266.0)
denovo100291 B1_AF333511 99.65 287 1 0 1 287 1 287 5e-162 561 B1_JN558057 306 (1426.0)
denovo100293 B1_AF333511 100.00 12 0 0 84 95 95 84 2.8 24.3 B1_JN558057 306 (1417.0)
denovo100298 C45a_AY765404 99.65 283 1 0 1 283 1 283 1e-159 553 C45a_AY765404 300 (1406.0)
denovo100302 C45a_AY765404 99.29 283 2 0 1 283 1 283 3e-157 545 C45a_AY765404 300 (1397.0)
denovo100304 C46_EU449108 100.00 283 0 0 1 283 1 283 5e-162 561 C46_EU449108 300 (1415.0)
denovo100328 B1_AF333511 99.65 284 1 0 1 284 1 284 3e-160 555 B1_JN558057 306 (1417.0)
denovo100329 B1_AF333511 99.65 287 1 0 1 287 1 287 5e-162 561 B1_JN558057 306 (1426.0)
denovo10033 A4_AF333509 99.61 255 1 0 1 255 1 255 6e-143 498 A4_AF333509 272 (1266.0)
denovo100346 B1_AF333511 99.65 284 1 0 4 287 4 287 3e-160 555 B1_JN558057 306 (1417.0)
denovo100358 B1_AF333511 100.00 12 0 0 84 95 95 84 2.8 24.3 B1_JN558057 306 (1417.0)
denovo100361 C44_AY589750 99.29 283 2 0 1 283 1 283 3e-157 545 C45a_AY765404 300 (1397.0)
denovo100362 C3_HE579001 99.65 283 1 0 1 283 1 283 1e-159 553 C3_HE579001 300 (1406.0)
denovo100373 C45a_AY765404 99.65 283 1 0 1 283 1 283 1e-159 553 C45a_AY765404 300 (1406.0)
denovo100376 B1_AF333511 99.65 284 1 0 4 287 4 287 3e-160 555 B1_JN558057 306 (1417.0)
denovo100377 B1_AF333511 100.00 12 0 0 84 95 95 84 2.8 24.3 B1_JN558057 306 (1417.0)
denovo100385 B1_AF333511 99.65 287 1 0 1 287 1 287 5e-162 561 B1_JN558057 306 (1426.0)
denovo100387 C46_EU449108 99.65 283 1 0 1 283 1 283 1e-159 553 C46_EU449108 300 (1406.0)
denovo100407 C46_EU449108 98.94 283 2 1 1 282 1 283 2e-152 529 C46_EU449108 300 (1382.0)
denovo100428 C44_AY589750 99.65 283 1 0 1 283 1 283 1e-159 553 C44_AY589750 300 (1406.0)
denovo100439 C1_AF333515 99.65 283 1 0 1 283 1 283 1e-159 553 C1_JN558041 300 (1406.0)
denovo100440 C1_AF333515 99.65 283 1 0 1 283 1 283 1e-159 553 C36_AY258480 300 (1406.0)
denovo100480 A4_AF333509 99.22 255 2 0 1 255 1 255 1e-140 490 A4_AF333509 272 (1257.0)
denovo100511 B1d_GU907633 99.65 287 1 0 1 287 1 287 5e-162 561 B1d_GU907633 306 (1426.0)
denovo100524 C1c/C45_EU449103 98.94 283 3 0 1 283 1 283 8e-155 537 C1c/C45_EU449103 300 (1388.0)
denovo100534 B1_AF333511 99.65 284 1 0 4 287 4 287 3e-160 555 B1_JN558057 306 (1417.0)
denovo100544 B1_AF333511 99.65 287 1 0 1 287 1 287 5e-162 561 B1_JN558057 306 (1426.0)
denovo100548 B19_GU907641 100.00 12 0 0 84 95 95 84 2.7 24.3 B19_GU907641 302 (1406.0)
denovo100554 C46_EU449108 99.29 283 1 1 1 282 1 283 7e-155 537 C46_EU449108 300 (1391.0)
denovo100556 B19_GU907641 100.00 18 0 0 1 18 1 18 7e-04 36.2 B19_GU907641 302 (1257.5)
denovo100557 B1_AF333511 100.00 12 0 0 43 54 95 84 2.4 24.3 B24_GU907643 277 (1205.5)
denovo100559 B19_GU907641 97.57 288 2 2 1 288 1 283 3e-145 505 B19_GU907641 307 (1375.5)
denovo10056 C44_AY589750 99.65 283 1 0 1 283 1 283 1e-159 553 C44_AY589750 300 (1406.0)
denovo100561 B19_GU907641 100.00 239 0 0 23 261 45 283 9e-136 474 B19_GU907641 302 (1275.5)
denovo100588 B1_AF333511 99.30 287 1 1 1 286 1 287 3e-157 545 B1_JN558057 306 (1411.0)
denovo10059 B1_AF333511 99.30 284 2 0 4 287 4 287 8e-158 547 B1_JN558057 306 (1408.0)
denovo100596 C3_HE579001 99.64 280 1 0 4 283 4 283 8e-158 547 C3j_AY239366 300 (1397.0)
denovo100607 B1_AF333511 99.65 284 1 0 4 287 4 287 3e-160 555 B1_JN558057 306 (1417.0)
denovo100610 B1_AF333511 98.95 287 2 1 1 286 1 287 8e-155 537 B1_JN558057 306 (1402.0)
denovo100617 A4_AF333509 99.61 255 1 0 1 255 1 255 6e-143 498 A4_AF333509 272 (1266.0)
denovo100620 C1002_DQ838544 99.65 283 1 0 1 283 1 283 1e-159 553 C1002_DQ838544 300 (1406.0)
denovo100622 B1_AF333511 99.30 284 2 0 4 287 4 287 8e-158 547 B1_JN558057 306 (1408.0)
denovo100628 B1_AF333511 99.65 284 1 0 4 287 4 287 3e-160 555 B1_JN558057 306 (1417.0)
denovo100634 B1_AF333511 99.29 283 2 0 9 291 5 287 3e-157 545 B1_JN558057 310 (1405.5)
denovo100635 C46_EU449108 99.65 283 1 0 1 283 1 283 1e-159 553 C46_EU449108 300 (1406.0)
denovo100647 C46_EU449108 99.29 283 1 1 1 282 1 283 7e-155 537 C46_EU449108 300 (1391.0)
denovo100663 C1231_EU074878 99.29 283 2 0 1 283 1 283 3e-157 545 C3_HE579001 300 (1397.0)
denovo100672 B1_AF333511 100.00 12 0 0 84 95 95 84 2.8 24.3 B1_JN558057 307 (1407.0)
denovo100674 C3b_AF499791 100.00 282 0 0 1 282 1 282 2e-161 559 C3b_AF499791 299 (1410.0)
denovo100683 C45a_AY765404 99.65 283 1 0 1 283 1 283 1e-159 553 C45a_AY765404 300 (1406.0)
denovo100689 C1c/C45_EU449103 99.65 283 1 0 1 283 1 283 1e-159 553 C1c/C45_EU449103 300 (1406.0)
denovo10071 B1_AF333511 99.65 287 1 0 1 287 1 287 5e-162 561 B1_JN558057 306 (1426.0)
denovo100725 C1_AF333515 99.65 283 1 0 1 283 1 283 1e-159 553 C1_JN558041 300 (1406.0)
denovo100727 C44_AY589750 99.29 283 2 0 1 283 1 283 3e-157 545 C45a_AY765404 300 (1397.0)
denovo100761 B1_AF333511 100.00 12 0 0 85 96 95 84 2.8 24.3 B1_JN558057 307 (1407.0)
denovo100765 C46_EU449108 98.94 283 2 1 1 282 1 283 2e-152 529 C46_EU449108 300 (1382.0)
denovo100780 C3_HE579001 100.00 283 0 0 1 283 1 283 5e-162 561 C3_HE579001 300 (1415.0)
denovo100785 C45a_AY765404 99.65 283 1 0 1 283 1 283 1e-159 553 C45a_AY765404 300 (1406.0)
denovo100811 C44_AY589750 99.29 283 2 0 1 283 1 283 3e-157 545 C45a_AY765404 300 (1397.0)
denovo100822 B19_GU907641 100.00 18 0 0 1 18 1 18 6e-04 36.2 B19_GU907641 303 (1162.5)
denovo100832 C3_HE579001 99.65 283 1 0 1 283 1 283 1e-159 553 C3_HE579001 300 (1406.0)
denovo100833 C1_AF333515 99.29 283 0 1 1 281 1 283 2e-155 539 C1_JN558041 300 (1394.5)
denovo100843 C3_HE579001 99.65 283 1 0 1 283 1 283 1e-159 553 C3_HE579001 300 (1406.0)
denovo100851 C12_AF499801 99.65 285 1 0 1 285 1 285 8e-161 557 C12_AF499801 302 (1416.0)
denovo100887 C3_HE579001 99.65 283 1 0 1 283 1 283 1e-159 553 C3_HE579001 300 (1406.0)
denovo100898 C22_AY239373 93.17 278 0 1 1 259 1 278 5e-122 428 C22_AY239373 295 (1276.0)
denovo100899 C21/3d/C3k_AY239372 99.64 276 1 0 1 276 1 276 2e-155 539 C21/3d/C3k_AY239372 293 (1371.0)
denovo100901 C3_HE579001 99.65 283 1 0 1 283 1 283 1e-159 553 C3_HE579001 300 (1406.0)
denovo100903 D1_JN558076 99.63 271 1 0 1 271 1 271 2e-152 529 D2_AY686649 543 (1347.0)
denovo100907 B1_AF333511 99.65 287 1 0 1 287 1 287 5e-162 561 B1_JN558057 306 (1426.0)
denovo10092 B1_AF333511 99.65 287 1 0 1 287 1 287 5e-162 561 B1_JN558057 306 (1426.0)
denovo100922 B1m_GU907640 100.00 12 0 0 84 95 95 84 2.8 24.3 B1m_GU907640 306 (1435.0)
denovo10094 B1_AF333511 99.65 287 1 0 1 287 1 287 5e-162 561 B1_JN558057 306 (1426.0)
denovo100987 B1_AF333511 99.65 287 1 0 1 287 1 287 5e-162 561 B1_JN558057 306 (1426.0)
denovo100988 B1_AF333511 98.61 287 4 0 1 287 1 287 8e-155 537 B1_JN558057 306 (1399.0)
denovo100992 B1_AF333511 99.65 287 1 0 1 287 1 287 5e-162 561 B1_JN558057 306 (1426.0)
denovo100994 C44_AY589750 99.29 283 2 0 1 283 1 283 3e-157 545 C44_AY589750 300 (1397.0)
denovo100999 B1_AF333511 99.65 287 1 0 1 287 1 287 5e-162 561 B1_JN558057 306 (1426.0)
denovo101025 C3_HE579001 99.65 283 1 0 1 283 1 283 1e-159 553 C3_HE579001 300 (1406.0)
denovo10103 B1_AF333511 100.00 12 0 0 84 95 95 84 2.8 24.3 B1_JN558057 306 (1420.0)
denovo101031 C1060_DQ480600 99.29 283 2 0 1 283 1 283 3e-157 545 C1060_DQ480600 300 (1397.0)
denovo101033 C1_AF333515 99.65 283 1 0 1 283 1 283 1e-159 553 C1_JN558041 300 (1406.0)
denovo101042 C1c/C45_EU449103 99.65 283 1 0 1 283 1 283 1e-159 553 C1c/C45_EU449103 300 (1406.0)
denovo101099 C3_HE579001 99.65 283 1 0 1 283 1 283 1e-159 553 C3_HE579001 300 (1406.0)
denovo101110 B1_AF333511 99.65 287 1 0 1 287 1 287 5e-162 561 B1_JN558057 306 (1426.0)
denovo101116 C1060_DQ480600 99.65 283 1 0 1 283 1 283 1e-159 553 C1060_DQ480600 300 (1406.0)
denovo101131 A4_AF333509 99.61 256 0 1 1 256 1 255 4e-141 492 A4_AF333509 273 (1265.0)
denovo101139 C44_AY589750 99.64 281 1 0 3 283 3 283 2e-158 549 C45a_AY765404 300 (1397.0)
denovo101142 C44_AY589750 99.29 283 2 0 1 283 1 283 3e-157 545 C44_AY589750 300 (1397.0)
denovo101150 C46_EU449108 99.29 283 1 1 1 282 1 283 7e-155 537 C46_EU449108 300 (1391.0)
denovo101159 C44_AY589750 98.94 283 3 0 1 283 1 283 8e-155 537 C45a_AY765404 300 (1388.0)
denovo10117 C46_EU449108 99.65 283 1 0 1 283 1 283 1e-159 553 C46_EU449108 300 (1406.0)
denovo101173 B1_AF333511 99.65 287 1 0 1 287 1 287 5e-162 561 B1_JN558057 306 (1426.0)
denovo101177 C1089_AJ278598 100.00 283 0 0 1 283 1 283 5e-162 561 C1089_AJ278598 300 (1415.0)
denovo101182 C1197_EU099814 99.29 283 2 0 1 283 1 283 3e-157 545 C3_HE579001 300 (1397.0)
denovo101185 C44_AY589750 98.94 283 3 0 1 283 1 283 8e-155 537 C45a_AY765404 300 (1388.0)
denovo101194 C3.10_FJ461505 99.29 283 2 0 1 283 1 283 3e-157 545 C7_AF499797 300 (1397.0)
denovo101250 C3_HE579001 100.00 282 0 0 1 282 1 282 2e-161 559 C3_HE579001 300 (1406.0)
denovo101253 B1d_GU907633 100.00 12 0 0 87 98 95 84 2.8 24.3 B1d_GU907633 309 (1415.0)
denovo101269 B1_AF333511 99.65 285 1 0 1 285 1 285 8e-161 557 B1_JN558057 306 (1417.0)
denovo101288 C3_HE579001 99.64 280 1 0 4 283 4 283 8e-158 547 C65a_AY589770 300 (1397.0)
denovo101299 B1_AF333511 100.00 12 0 0 84 95 95 84 2.8 24.3 B1_JN558057 306 (1417.0)
denovo101314 B1_AF333511 99.65 287 1 0 1 287 1 287 5e-162 561 B1_JN558057 306 (1426.0)
denovo101324 B1_AF333511 99.65 284 1 0 4 287 4 287 3e-160 555 B1_JN558057 306 (1417.0)
denovo10136 C3_HE579001 99.65 283 1 0 1 283 1 283 1e-159 553 C3_HE579001 300 (1406.0)
denovo101378 C45a_AY765404 100.00 283 0 0 1 283 1 283 5e-162 561 C45a_AY765404 300 (1415.0)
denovo101398 C7_AF499797 99.29 283 2 0 1 283 1 283 3e-157 545 C7_AF499797 300 (1397.0)
denovo101400 B1d_GU907633 100.00 12 0 0 84 95 95 84 2.8 24.3 B1d_GU907633 306 (1417.0)
denovo101412 C1c/C45_EU449103 98.94 283 3 0 1 283 1 283 8e-155 537 C1c/C45_EU449103 300 (1388.0)
denovo101426 B1_AF333511 99.30 287 1 1 1 286 1 287 3e-157 545 B1_JN558057 306 (1411.0)
denovo101427 C1_AF333515 99.65 283 1 0 1 283 1 283 1e-159 553 C1_JN558041 300 (1406.0)
denovo101430 C7_AF499797 99.29 283 2 0 1 283 1 283 3e-157 545 C7_AF499797 300 (1397.0)
denovo101442 C46_EU449108 99.65 283 1 0 1 283 1 283 1e-159 553 C46_EU449108 300 (1406.0)
denovo10145 C3_HE579001 99.65 283 1 0 1 283 1 283 1e-159 553 C3_HE579001 300 (1406.0)
denovo101473 B1d_GU907633 100.00 12 0 0 84 95 95 84 2.8 24.3 B1d_GU907633 306 (1417.0)
denovo101479 B1d_GU907633 99.65 287 1 0 1 287 1 287 5e-162 561 B1d_GU907633 306 (1426.0)
denovo101487 B1d_GU907633 99.65 287 1 0 1 287 1 287 5e-162 561 B1d_GU907633 306 (1426.0)
denovo101488 C45a_AY765404 99.65 283 1 0 1 283 1 283 1e-159 553 C45a_AY765404 300 (1406.0)
denovo10149 C1_AF333515 99.65 283 1 0 1 283 1 283 1e-159 553 C1_JN558041 300 (1406.0)
denovo101490 C93_AJ621536 97.96 49 1 0 1 49 1 49 5e-20 89.7 C3_HE579001 300 (1268.0)
denovo101506 C3_HE579001 99.65 283 1 0 1 283 1 283 1e-159 553 C3_HE579001 300 (1406.0)
denovo101520 C1c/C45_EU449103 99.65 283 1 0 1 283 1 283 1e-159 553 C1c/C45_EU449103 300 (1406.0)
denovo101538 B1_AF333511 99.65 287 1 0 1 287 1 287 5e-162 561 B1_JN558057 306 (1426.0)
denovo101540 C3_HE579001 99.65 283 1 0 1 283 1 283 1e-159 553 C3_HE579001 300 (1406.0)
denovo101572 B1_AF333511 100.00 12 0 0 84 95 95 84 2.8 24.3 B1_JN558057 306 (1417.0)
denovo101575 B1_AF333511 98.26 287 4 1 1 286 1 287 5e-150 521 B1_JN558057 306 (1384.0)
denovo10159 C1c/C45_EU449103 100.00 283 0 0 1 283 1 283 5e-162 561 C1c/C45_EU449103 300 (1415.0)
denovo10161 C44_AY589750 99.29 283 2 0 1 283 1 283 3e-157 545 C45a_AY765404 300 (1397.0)
denovo101611 B1_AF333511 99.65 287 1 0 1 287 1 287 5e-162 561 B1_JN558057 306 (1426.0)
denovo10163 C44_AY589750 99.65 283 1 0 1 283 1 283 1e-159 553 C44_AY589750 300 (1406.0)
denovo101640 C44_AY589750 99.29 283 2 0 1 283 1 283 3e-157 545 C45a_AY765404 300 (1397.0)
denovo101641 C45a_AY765404 99.29 283 2 0 1 283 1 283 3e-157 545 C45a_AY765404 300 (1397.0)
denovo101656 C3_HE579001 99.65 283 1 0 1 283 1 283 1e-159 553 C3_HE579001 300 (1406.0)
denovo101663 C1c/C45_EU449103 100.00 283 0 0 1 283 1 283 5e-162 561 C1c/C45_EU449103 300 (1415.0)
denovo101666 C1207_EU074964 97.57 288 2 1 1 288 1 283 3e-148 515 C1c/C45_EU449103 305 (1385.0)
denovo101667 C7_AF499797 99.65 283 1 0 1 283 1 283 1e-159 553 C7_AF499797 300 (1406.0)
denovo101676 C46_EU449108 98.94 283 2 1 1 282 1 283 2e-152 529 C46_EU449108 300 (1382.0)
denovo101694 B1_AF333511 100.00 12 0 0 84 95 95 84 2.8 24.3 B1_JN558057 307 (1389.0)
denovo101696 A4_AF333509 99.61 255 1 0 1 255 1 255 6e-143 498 A4_AF333509 272 (1266.0)
denovo10170 C1_AF333515 100.00 283 0 0 1 283 1 283 5e-162 561 C1_JN558041 300 (1415.0)
denovo101700 C46_EU449108 99.65 283 0 1 1 282 1 283 3e-157 545 C46_EU449108 300 (1400.0)
denovo101717 C3_HE579001 100.00 283 0 0 1 283 1 283 5e-162 561 C3_HE579001 300 (1415.0)
denovo101728 A4_AF333509 100.00 255 0 0 1 255 1 255 2e-145 505 A4_AF333509 272 (1275.0)
denovo101735 B1d_GU907633 100.00 12 0 0 84 95 95 84 2.8 24.3 B1d_GU907633 306 (1435.0)
denovo101750 C46_EU449108 99.29 283 2 0 1 283 1 283 3e-157 545 C46_EU449108 300 (1397.0)
denovo10176 I2_FN561560 100.00 13 0 0 289 301 294 306 0.69 26.3 F3.1a_AM748566 362 (380.5)
denovo101821 C44_AY589750 99.29 283 2 0 1 283 1 283 3e-157 545 C44_AY589750 300 (1397.0)
denovo101823 C46_EU449108 99.65 283 1 0 1 283 1 283 1e-159 553 C46_EU449108 300 (1406.0)
denovo101840 B1d_GU907633 98.26 287 2 1 1 284 1 287 3e-151 525 B1d_GU907633 306 (1391.0)
denovo101845 B1_AF333511 99.65 287 1 0 1 287 1 287 5e-162 561 B1_JN558057 306 (1426.0)
denovo101848 D1_JN558076 99.63 271 1 0 1 271 1 271 2e-152 529 D2_AY686649 543 (1347.0)
denovo101849 C45a_AY765404 99.65 283 1 0 1 283 1 283 1e-159 553 C45a_AY765404 300 (1406.0)
denovo101867 B1_AF333511 100.00 12 0 0 84 95 95 84 2.8 24.3 B1_JN558057 306 (1435.0)
denovo101909 B1_AF333511 99.65 287 1 0 1 287 1 287 5e-162 561 B1_JN558057 306 (1426.0)
denovo101913 B1_AF333511 99.65 287 1 0 1 287 1 287 5e-162 561 B1_JN558057 306 (1426.0)
denovo101916 B1_AF333511 100.00 12 0 0 84 95 95 84 2.8 24.3 B1_JN558057 306 (1417.0)
denovo101923 B1_AF333511 100.00 12 0 0 84 95 95 84 2.8 24.3 B1_JN558057 306 (1435.0)
denovo101933 C7_AF499797 99.29 283 2 0 1 283 1 283 3e-157 545 C7_AF499797 300 (1397.0)
denovo10194 B1_AF333511 99.65 287 1 0 1 287 1 287 5e-162 561 B1_JN558057 306 (1426.0)
denovo101947 C93_AJ621536 97.96 49 1 0 1 49 1 49 5e-20 89.7 C3_HE579001 300 (1268.0)
denovo101976 C1c/C45_EU449103 99.65 283 1 0 1 283 1 283 1e-159 553 C1c/C45_EU449103 300 (1406.0)
denovo101995 A4_AF333509 99.61 255 1 0 1 255 1 255 6e-143 498 A4_AF333509 272 (1266.0)
denovo102007 B1_AF333511 100.00 280 0 0 6 285 6 285 3e-160 555 B34_GU907649 306 (1408.0)
denovo102008 C46_EU449108 99.65 283 1 0 1 283 1 283 1e-159 553 C46_EU449108 300 (1406.0)
denovo102015 B1l_GU907639 100.00 12 0 0 84 95 95 84 2.8 24.3 B1l_GU907639 306 (1435.0)
denovo102022 C3_HE579001 99.65 283 1 0 1 283 1 283 1e-159 553 C3_HE579001 300 (1406.0)
denovo102027 C3_HE579001 100.00 281 0 0 1 281 1 281 8e-161 557 C3_HE579001 300 (1406.0)
denovo102032 C44_AY589750 99.29 283 2 0 1 283 1 283 3e-157 545 C45a_AY765404 300 (1397.0)
denovo102050 C1c/C45_EU449103 99.65 283 1 0 1 283 1 283 1e-159 553 C1c/C45_EU449103 300 (1406.0)
denovo102059 B1_AF333511 99.65 287 1 0 1 287 1 287 5e-162 561 B1_JN558057 306 (1426.0)
denovo102074 C1c/C45_EU449103 98.94 283 3 0 1 283 1 283 8e-155 537 C1c/C45_EU449103 300 (1388.0)
denovo102075 C3_HE579001 99.65 283 1 0 1 283 1 283 1e-159 553 C3_HE579001 300 (1406.0)
denovo102083 B1_AF333511 100.00 12 0 0 84 95 95 84 2.8 24.3 B1_JN558057 306 (1417.0)
denovo10215 B1_AF333511 98.26 287 2 2 1 284 1 287 3e-148 515 B1_JN558057 306 (1381.5)
denovo102160 C3_HE579001 99.65 283 1 0 1 283 1 283 1e-159 553 C3_HE579001 300 (1406.0)
denovo102168 C45a_AY765404 99.65 283 1 0 1 283 1 283 1e-159 553 C45a_AY765404 300 (1406.0)
denovo10217 B1_AF333511 99.65 287 1 0 1 287 1 287 5e-162 561 B1_JN558057 306 (1426.0)
denovo102174 B1_AF333511 99.65 287 1 0 1 287 1 287 5e-162 561 B1_JN558057 306 (1426.0)
denovo102195 B1d_GU907633 98.26 287 2 1 1 284 1 287 3e-151 525 B1d_GU907633 306 (1391.0)
denovo1022 C46_EU449108 99.65 283 1 0 1 283 1 283 1e-159 553 C46_EU449108 300 (1406.0)
denovo102206 C44_AY589750 99.65 283 1 0 1 283 1 283 1e-159 553 C45a_AY765404 300 (1406.0)
denovo102217 C45a_AY765404 99.29 283 2 0 1 283 1 283 3e-157 545 C45a_AY765404 300 (1397.0)
denovo102252 B1_AF333511 100.00 12 0 0 84 95 95 84 2.8 24.3 B1_JN558057 306 (1417.0)
denovo102254 C46_EU449108 99.65 283 1 0 1 283 1 283 1e-159 553 C46_EU449108 300 (1406.0)
denovo10226 C3_HE579001 99.65 283 1 0 1 283 1 283 1e-159 553 C3_HE579001 300 (1406.0)
denovo10229 C1002_DQ838544 100.00 283 0 0 1 283 1 283 5e-162 561 C1002_DQ838544 300 (1415.0)
denovo102291 B1_AF333511 100.00 12 0 0 84 95 95 84 2.8 24.3 B1_JN558057 306 (1435.0)
denovo102297 B1_AF333511 99.65 287 1 0 1 287 1 287 5e-162 561 B1_JN558057 306 (1426.0)
denovo1023 B1_AF333511 99.65 287 1 0 1 287 1 287 5e-162 561 B1_JN558057 306 (1426.0)
denovo102304 B1_AF333511 98.95 287 3 0 1 287 1 287 3e-157 545 B1_JN558057 306 (1408.0)
denovo102309 B1_AF333511 99.30 284 2 0 4 287 4 287 8e-158 547 B1_JN558057 306 (1408.0)
denovo102331 A4_AF333509 99.61 255 1 0 1 255 1 255 6e-143 498 A4_AF333509 272 (1266.0)
denovo102339 C45a_AY765404 99.65 283 1 0 1 283 1 283 1e-159 553 C45a_AY765404 300 (1406.0)
denovo102380 C44_AY589750 99.29 283 2 0 1 283 1 283 3e-157 545 C44_AY589750 300 (1397.0)
denovo10239 C7_AF499797 99.65 283 1 0 1 283 1 283 1e-159 553 C7_AF499797 300 (1406.0)
denovo102394 B2_JN558060 91.52 283 2 1 1 261 1 283 7e-115 404 B2_JN558060 302 (1266.5)
denovo10240 B1_AF333511 100.00 12 0 0 84 95 95 84 2.8 24.3 B1_JN558057 306 (1408.0)
denovo102403 C3_HE579001 99.65 283 1 0 1 283 1 283 1e-159 553 C3_HE579001 300 (1406.0)
denovo102404 B1_AF333511 99.65 288 0 1 1 288 1 287 3e-160 555 B1_JN558057 307 (1425.0)
denovo102422 B1_AF333511 99.65 285 1 0 3 287 3 287 8e-161 557 B1_JN558057 306 (1417.0)
denovo102424 C46_EU449108 99.65 283 1 0 1 283 1 283 1e-159 553 C46_EU449108 300 (1406.0)
denovo102449 B1_AF333511 100.00 12 0 0 84 95 95 84 2.8 24.3 B1_JN558057 306 (1417.0)
denovo102451 C46_EU449108 99.65 283 1 0 1 283 1 283 1e-159 553 C46_EU449108 300 (1406.0)
denovo102466 C1c/C45_EU449103 99.65 283 1 0 1 283 1 283 1e-159 553 C1c/C45_EU449103 300 (1406.0)
denovo102481 A4_AF333509 99.22 255 2 0 1 255 1 255 1e-140 490 A4_AF333509 272 (1257.0)
denovo102482 B19_GU907641 91.64 287 2 4 1 269 1 283 3e-108 383 B19_GU907641 306 (1258.0)
denovo102483 B1.VII_Green2014 97.10 276 3 1 1 271 1 276 9e-139 484 B1_JN558057 306 (1328.5)
denovo102484 C44_AY589750 99.29 283 2 0 1 283 1 283 3e-157 545 C45a_AY765404 300 (1397.0)
denovo102487 C1c/C45_EU449103 99.65 283 1 0 1 283 1 283 1e-159 553 C1c/C45_EU449103 300 (1406.0)
denovo102490 B1_AF333511 98.95 287 2 1 1 286 1 287 8e-155 537 B1_JN558057 306 (1402.0)
denovo102494 B1d_GU907633 99.65 287 1 0 1 287 1 287 5e-162 561 B1d_GU907633 306 (1426.0)
denovo102508 B1_AF333511 99.65 287 1 0 1 287 1 287 5e-162 561 B1_JN558057 306 (1426.0)
denovo10251 C46_EU449108 99.65 283 1 0 1 283 1 283 1e-159 553 C46_EU449108 300 (1406.0)
denovo102518 C44_AY589750 98.94 283 3 0 1 283 1 283 8e-155 537 C45a_AY765404 300 (1388.0)
denovo102532 C46_EU449108 99.65 283 1 0 1 283 1 283 1e-159 553 C46_EU449108 300 (1406.0)
denovo10254 C44_AY589750 98.59 283 4 0 1 283 1 283 2e-152 529 C45a_AY765404 300 (1379.0)
denovo102569 B1_AF333511 100.00 12 0 0 84 95 95 84 2.8 24.3 B1_JN558057 306 (1417.0)
denovo102571 D1_JN558076 100.00 271 0 0 1 271 1 271 7e-155 537 D1_JN558076 298 (1355.0)
denovo102612 C3_HE579001 99.65 283 1 0 1 283 1 283 1e-159 553 C3_HE579001 300 (1406.0)
denovo102616 C3.16_EU786015 100.00 283 0 0 1 283 1 283 5e-162 561 C3.16_EU786015 300 (1415.0)
denovo102617 B2_JN558060 91.52 283 2 1 1 261 1 283 7e-115 404 B2_JN558060 302 (1266.5)
denovo102634 C1c/C45_EU449103 98.94 283 3 0 1 283 1 283 8e-155 537 C1c/C45_EU449103 300 (1388.0)
denovo102636 C46_EU449108 99.65 283 1 0 1 283 1 283 1e-159 553 C46_EU449108 300 (1406.0)
denovo10264 C45a_AY765404 99.65 283 1 0 1 283 1 283 1e-159 553 C45a_AY765404 300 (1406.0)
denovo102671 C3_HE579001 99.65 283 1 0 1 283 1 283 1e-159 553 C3_HE579001 300 (1406.0)
denovo102673 C1c/C45_EU449103 99.65 283 1 0 1 283 1 283 1e-159 553 C1c/C45_EU449103 300 (1406.0)
denovo102678 B1_AF333511 100.00 12 0 0 84 95 95 84 2.8 24.3 B1_JN558057 306 (1417.0)
denovo102680 A4_AF333509 99.61 255 1 0 1 255 1 255 6e-143 498 A4_AF333509 272 (1266.0)
denovo102691 B1_AF333511 98.26 287 2 1 1 284 1 287 3e-151 525 B1_JN558057 306 (1391.0)
denovo102692 A4_AF333509 99.61 255 1 0 1 255 1 255 6e-143 498 A4_AF333509 272 (1266.0)
denovo1027 C21/3d/C3k_AY239372 99.64 276 1 0 1 276 1 276 2e-155 539 C21/3d/C3k_AY239372 293 (1371.0)
denovo102706 B1.IV_Green2014 100.00 12 0 0 84 95 95 84 2.3 24.3 B1l_GU907639 306 (1132.5)
denovo102712 B1_AF333511 99.30 287 1 1 1 286 1 287 3e-157 545 B1_JN558057 306 (1411.0)
denovo102732 B1_AF333511 100.00 12 0 0 87 98 95 84 2.8 24.3 B1_JN558057 309 (1379.0)
denovo102737 B1_AF333511 98.95 287 2 1 1 286 1 287 8e-155 537 B1_JN558057 306 (1402.0)
denovo102759 C3_HE579001 99.65 283 1 0 1 283 1 283 1e-159 553 C3_HE579001 300 (1406.0)
denovo102794 C46_EU449108 99.65 283 1 0 1 283 1 283 1e-159 553 C46_EU449108 300 (1406.0)
denovo102817 B1_AF333511 99.65 287 1 0 1 287 1 287 5e-162 561 B1_JN558057 306 (1426.0)
denovo102822 B1d_GU907633 99.65 287 1 0 1 287 1 287 5e-162 561 B1d_GU907633 306 (1426.0)
denovo102823 B5_AF499781 100.00 12 0 0 84 95 95 84 2.8 24.3 B5_AF499781 306 (1435.0)
denovo102834 C1c/C45_EU449103 99.29 283 2 0 1 283 1 283 3e-157 545 C1c/C45_EU449103 300 (1397.0)
denovo102846 C46_EU449108 99.65 283 0 1 1 282 1 283 3e-157 545 C46_EU449108 300 (1400.0)
denovo102849 C45a_AY765404 99.29 283 2 0 1 283 1 283 3e-157 545 C45a_AY765404 300 (1397.0)
denovo102863 B1_AF333511 99.65 287 1 0 1 287 1 287 5e-162 561 B1_JN558057 306 (1426.0)
denovo102897 B1d_GU907633 98.25 285 2 1 3 284 3 287 5e-150 521 B1d_GU907633 306 (1382.0)
denovo102922 C3_HE579001 99.65 283 1 0 1 283 1 283 1e-159 553 C3_HE579001 300 (1406.0)
denovo10294 C46_EU449108 99.29 283 2 0 1 283 1 283 3e-157 545 C46_EU449108 300 (1397.0)
denovo102942 C45a_AY765404 99.65 283 1 0 1 283 1 283 1e-159 553 C45a_AY765404 300 (1406.0)
denovo102952 B1_AF333511 99.65 287 1 0 1 287 1 287 5e-162 561 B1_JN558057 306 (1426.0)
denovo102954 C3_HE579001 99.65 283 1 0 1 283 1 283 1e-159 553 C3_HE579001 300 (1406.0)
denovo10298 C1_AF333515 99.65 283 1 0 1 283 1 283 1e-159 553 C1_JN558041 300 (1406.0)
denovo102982 C46_EU449108 99.65 283 1 0 1 283 1 283 1e-159 553 C46_EU449108 300 (1406.0)
denovo102997 A4_AF333509 99.61 255 1 0 1 255 1 255 6e-143 498 A4_AF333509 272 (1266.0)
denovo1030 B1_AF333511 99.65 287 1 0 1 287 1 287 5e-162 561 B1_JN558057 306 (1426.0)
denovo10300 B1d_GU907633 99.65 287 1 0 1 287 1 287 5e-162 561 B1d_GU907633 306 (1426.0)
denovo103005 C46_EU449108 99.65 283 1 0 1 283 1 283 1e-159 553 C46_EU449108 300 (1406.0)
denovo103011 C46_EU449108 99.65 283 1 0 1 283 1 283 1e-159 553 C46_EU449108 300 (1406.0)
denovo103018 B1_AF333511 100.00 12 0 0 84 95 95 84 2.8 24.3 B1_JN558057 306 (1417.0)
denovo103019 C1c/C45_EU449103 99.29 283 2 0 1 283 1 283 3e-157 545 C1c/C45_EU449103 300 (1397.0)
denovo103025 C44_AY589750 99.65 283 1 0 1 283 1 283 1e-159 553 C44_AY589750 300 (1406.0)
denovo103033 C1c/C45_EU449103 99.65 283 1 0 1 283 1 283 1e-159 553 C1c/C45_EU449103 300 (1406.0)
denovo103034 C44_AY589750 99.29 283 2 0 1 283 1 283 3e-157 545 C45a_AY765404 300 (1397.0)
denovo103035 C3_HE579001 99.65 283 1 0 1 283 1 283 1e-159 553 C3_HE579001 300 (1406.0)
denovo103045 B1_AF333511 99.65 287 1 0 1 287 1 287 5e-162 561 B1_JN558057 306 (1426.0)
denovo103050 C3b_AF499791 99.65 282 1 0 1 282 1 282 5e-159 551 C3b_AF499791 299 (1401.0)
denovo103062 B1_AF333511 98.26 287 4 1 1 286 1 287 5e-150 521 B1_JN558057 306 (1384.0)
denovo103063 C1_AF333515 99.65 283 1 0 1 283 1 283 1e-159 553 C1_JN558041 300 (1406.0)
denovo10308 B1_AF333511 99.65 287 1 0 1 287 1 287 5e-162 561 B1_JN558057 306 (1426.0)
denovo103089 B1d_GU907633 99.65 287 1 0 1 287 1 287 5e-162 561 B1d_GU907633 306 (1426.0)
denovo103093 B1d_GU907633 100.00 285 0 0 1 285 1 285 3e-163 565 B1d_GU907633 306 (1426.0)
denovo103102 C46_EU449108 99.65 283 1 0 1 283 1 283 1e-159 553 C46_EU449108 300 (1406.0)
denovo103103 B1_AF333511 100.00 12 0 0 84 95 95 84 2.8 24.3 B1_JN558057 306 (1417.0)
denovo10311 B10_AF499787 100.00 12 0 0 84 95 95 84 2.8 24.3 B10_AF499787 306 (1435.0)
denovo103138 B1_AF333511 99.30 287 1 1 1 286 1 287 3e-157 545 B1_JN558057 306 (1411.0)
denovo10314 B1_AF333511 99.65 287 1 0 1 287 1 287 5e-162 561 B1_JN558057 306 (1426.0)
denovo103141 B1_AF333511 99.30 287 1 1 1 286 1 287 3e-157 545 B1_JN558057 306 (1411.0)
denovo103148 B1_AF333511 99.65 287 1 0 1 287 1 287 5e-162 561 B1_JN558057 306 (1426.0)
denovo103164 B1_AF333511 100.00 12 0 0 84 95 95 84 2.8 24.3 B1_JN558057 306 (1417.0)
denovo10319 C3b_AF499791 99.65 282 1 0 1 282 1 282 5e-159 551 C3b_AF499791 299 (1401.0)
denovo103195 B1_AF333511 100.00 12 0 0 84 95 95 84 2.8 24.3 B1_JN558057 306 (1399.0)
denovo103200 C1_AF333515 99.29 283 2 0 1 283 1 283 3e-157 545 C1_JN558041 300 (1397.0)
denovo103232 C1_AF333515 99.29 283 2 0 1 283 1 283 3e-157 545 C1_JN558041 300 (1397.0)
denovo103236 B1_AF333511 98.59 284 4 0 4 287 4 287 5e-153 531 B1_JN558057 306 (1390.0)
denovo10324 B1_AF333511 100.00 12 0 0 84 95 95 84 2.8 24.3 B1_JN558057 306 (1378.0)
denovo103243 B1_AF333511 100.00 12 0 0 84 95 95 84 2.8 24.3 B1_JN558057 306 (1399.0)
denovo103257 C1c/C45_EU449103 99.65 283 1 0 1 283 1 283 1e-159 553 C1c/C45_EU449103 300 (1406.0)
denovo103259 B1_AF333511 98.61 287 2 2 1 285 1 287 5e-150 521 B1_JN558057 306 (1387.0)
denovo103264 B1d_GU907633 99.65 287 1 0 1 287 1 287 5e-162 561 B1d_GU907633 306 (1426.0)
denovo103267 B1d_GU907633 99.65 287 1 0 1 287 1 287 5e-162 561 B1d_GU907633 306 (1426.0)
denovo103270 C3_HE579001 99.65 283 1 0 1 283 1 283 1e-159 553 C3_HE579001 300 (1406.0)
denovo103272 C1.7_FJ461494 99.65 283 1 0 1 283 1 283 1e-159 553 C3_HE579001 300 (1406.0)
denovo10331 C45a_AY765404 100.00 281 0 0 3 283 3 283 8e-161 557 C45a_AY765404 300 (1406.0)
denovo103311 B1_AF333511 99.30 287 1 1 1 286 1 287 3e-157 545 B1_JN558057 306 (1411.0)
denovo10333 C1c/C45_EU449103 98.94 283 3 0 1 283 1 283 8e-155 537 C1c/C45_EU449103 300 (1388.0)
denovo103333 C44_AY589750 99.29 283 2 0 1 283 1 283 3e-157 545 C45a_AY765404 300 (1397.0)
denovo103348 B1_AF333511 99.65 287 1 0 1 287 1 287 5e-162 561 B1_JN558057 306 (1426.0)
denovo103349 B1_AF333511 98.95 287 2 1 1 286 1 287 8e-155 537 B1_JN558057 306 (1402.0)
denovo103364 B1_AF333511 100.00 12 0 0 84 95 95 84 2.8 24.3 B1_JN558057 306 (1417.0)
denovo103367 C3_HE579001 99.65 283 1 0 1 283 1 283 1e-159 553 C3_HE579001 300 (1406.0)
denovo103373 A4_AF333509 100.00 253 0 0 1 253 1 253 4e-144 502 A4_AF333509 272 (1266.0)
denovo103394 B124_EU074874 98.95 287 2 1 1 286 1 287 8e-155 537 B124_EU074874 306 (1402.0)
denovo1034 C46_EU449108 99.65 283 1 0 1 283 1 283 1e-159 553 C46_EU449108 300 (1406.0)
denovo103425 C1c/C45_EU449103 99.65 283 1 0 1 283 1 283 1e-159 553 C1c/C45_EU449103 300 (1406.0)
denovo103426 C1c/C45_EU449103 99.29 283 2 0 1 283 1 283 3e-157 545 C1c/C45_EU449103 300 (1397.0)
denovo103427 C1.13_HE578986 98.94 283 3 0 1 283 1 283 8e-155 537 C1c/C45_EU449103 300 (1388.0)
denovo103433 C45a_AY765404 99.29 283 2 0 1 283 1 283 3e-157 545 C45a_AY765404 300 (1397.0)
denovo10344 C44_AY589750 99.65 282 1 0 1 282 1 282 5e-159 551 C45a_AY765404 300 (1397.0)
denovo103451 C1c/C45_EU449103 99.65 283 1 0 1 283 1 283 1e-159 553 C1c/C45_EU449103 300 (1406.0)
denovo103457 C44_AY589750 98.59 283 4 0 1 283 1 283 2e-152 529 C45a_AY765404 300 (1379.0)
denovo103460 C44_AY589750 98.94 283 3 0 1 283 1 283 8e-155 537 C45a_AY765404 300 (1388.0)
denovo103472 B1_AF333511 99.65 287 1 0 1 287 1 287 5e-162 561 B1_JN558057 306 (1426.0)
denovo103491 C45a_AY765404 99.65 283 1 0 1 283 1 283 1e-159 553 C45a_AY765404 300 (1406.0)
denovo1035 B1_AF333511 100.00 12 0 0 84 95 95 84 2.8 24.3 B1_JN558057 306 (1417.0)
denovo10350 B1d_GU907633 99.65 287 1 0 1 287 1 287 5e-162 561 B1d_GU907633 306 (1426.0)
denovo103506 C46_EU449108 99.29 283 2 0 1 283 1 283 3e-157 545 C46_EU449108 300 (1397.0)
denovo103509 B1d_GU907633 98.25 285 2 1 3 284 3 287 5e-150 521 B1d_GU907633 306 (1382.0)
denovo103511 B1_AF333511 99.65 287 1 0 1 287 1 287 5e-162 561 B1_JN558057 306 (1426.0)
denovo103513 B1d_GU907633 99.65 285 1 0 3 287 3 287 8e-161 557 B1d_GU907633 306 (1417.0)
denovo103514 C45a_AY765404 99.29 283 2 0 1 283 1 283 3e-157 545 C45a_AY765404 300 (1397.0)
denovo103520 C45a_AY765404 99.29 283 2 0 1 283 1 283 3e-157 545 C45a_AY765404 300 (1397.0)
denovo103523 B1_AF333511 100.00 12 0 0 84 95 95 84 2.8 24.3 B1_JN558057 306 (1435.0)
denovo10355 C46_EU449108 99.29 283 2 0 1 283 1 283 3e-157 545 C46_EU449108 300 (1397.0)
denovo103585 B1_AF333511 98.95 287 2 1 1 286 1 287 8e-155 537 B1_JN558057 306 (1402.0)
denovo103600 C46_EU449108 99.65 283 1 0 1 283 1 283 1e-159 553 C46_EU449108 300 (1406.0)
denovo103601 B1_AF333511 99.30 284 2 0 4 287 4 287 8e-158 547 B1_JN558057 306 (1408.0)
denovo103602 B1_AF333511 100.00 12 0 0 84 95 95 84 2.8 24.3 B1_JN558057 306 (1417.0)
denovo103606 B1_AF333511 99.65 287 1 0 1 287 1 287 5e-162 561 B1_JN558057 306 (1426.0)
denovo103635 B1_AF333511 100.00 12 0 0 87 98 95 84 2.8 24.3 B1_JN558057 309 (1415.0)
denovo103640 C7_AF499797 99.65 283 1 0 1 283 1 283 1e-159 553 C7_AF499797 300 (1406.0)
denovo103668 B1_AF333511 98.95 287 2 1 1 286 1 287 8e-155 537 B1_JN558057 306 (1402.0)
denovo103670 C46_EU449108 99.64 281 0 1 1 280 1 281 5e-156 541 C46_EU449108 300 (1391.0)
denovo103678 C45a_AY765404 99.65 283 1 0 1 283 1 283 1e-159 553 C45a_AY765404 300 (1406.0)
denovo103682 B1_AF333511 99.65 287 1 0 1 287 1 287 5e-162 561 B1_JN558057 306 (1426.0)
denovo103695 B16_AY258469 100.00 12 0 0 84 95 95 84 2.8 24.3 B16_AY258469 306 (1435.0)
denovo10370 C1008_DQ480613 100.00 279 0 0 1 279 1 279 1e-159 553 C1_JN558041 300 (1406.0)
denovo103719 A4_AF333509 99.61 255 1 0 1 255 1 255 6e-143 498 A4_AF333509 272 (1266.0)
denovo103735 C3_HE579001 100.00 283 0 0 1 283 1 283 5e-162 561 C3_HE579001 300 (1415.0)
denovo103751 C45.3_FJ461522 99.29 283 2 0 1 283 1 283 3e-157 545 C45a_AY765404 300 (1397.0)
denovo103759 B1_AF333511 99.30 287 2 0 1 287 1 287 1e-159 553 B1_JN558057 306 (1417.0)
denovo103763 B1_AF333511 99.30 286 2 0 2 287 2 287 5e-159 551 B1_JN558057 306 (1408.0)
denovo103766 D1a_JN558078 99.26 271 2 0 1 271 1 271 4e-150 521 D2_AY686649 543 (1347.0)
denovo103779 B1_AF333511 98.95 287 2 1 1 286 1 287 8e-155 537 B1_JN558057 306 (1402.0)
denovo103789 B1_AF333511 100.00 12 0 0 82 93 95 84 2.8 24.3 B1_JN558057 306 (1414.5)
denovo103796 B1_AF333511 99.65 287 1 0 1 287 1 287 5e-162 561 B1_JN558057 306 (1426.0)
denovo103806 B16_AY258469 99.65 287 1 0 1 287 1 287 5e-162 561 B16_AY258469 306 (1426.0)
denovo103812 C7_AF499797 99.29 283 2 0 1 283 1 283 3e-157 545 C7_AF499797 300 (1397.0)
denovo103886 C46_EU449108 99.29 283 2 0 1 283 1 283 3e-157 545 C46_EU449108 300 (1397.0)
denovo103888 B24_GU907643 100.00 258 0 0 1 258 1 258 4e-147 511 B24_GU907643 277 (1290.0)
denovo103889 B1_AF333511 100.00 12 0 0 84 95 95 84 2.8 24.3 B1_JN558057 306 (1393.0)
denovo103890 B1_AF333511 99.65 284 1 0 4 287 4 287 3e-160 555 B1_JN558057 306 (1417.0)
denovo103912 C46_EU449108 99.65 283 1 0 1 283 1 283 1e-159 553 C46_EU449108 300 (1406.0)
denovo103942 C46_EU449108 99.65 283 1 0 1 283 1 283 1e-159 553 C46_EU449108 300 (1406.0)
denovo103948 C46_EU449108 99.29 283 1 1 1 282 1 283 7e-155 537 C46_EU449108 300 (1391.0)
denovo10395 C46_EU449108 100.00 283 0 0 1 283 1 283 5e-162 561 C46_EU449108 300 (1415.0)
denovo103951 C3.20_HE579008 100.00 283 0 0 1 283 1 283 5e-162 561 C3.20_HE579008 300 (1415.0)
denovo103953 C21/3d/C3k_AY239372 100.00 276 0 0 1 276 1 276 8e-158 547 C21/3d/C3k_AY239372 293 (1380.0)
denovo103968 B1_AF333511 100.00 12 0 0 84 95 95 84 2.8 24.3 B5a_AF499782 306 (1417.0)
denovo103969 B1_AF333511 99.65 284 1 0 4 287 4 287 3e-160 555 B1_JN558057 306 (1417.0)
denovo103972 C45a_AY765404 99.65 283 1 0 1 283 1 283 1e-159 553 C45a_AY765404 300 (1406.0)
denovo103976 B1_AF333511 100.00 12 0 0 84 95 95 84 2.8 24.3 B1_JN558057 306 (1417.0)
denovo103978 B1_AF333511 99.65 287 1 0 1 287 1 287 5e-162 561 B1_JN558057 306 (1426.0)
denovo103980 C3_HE579001 99.65 283 1 0 1 283 1 283 1e-159 553 C3_HE579001 300 (1406.0)
denovo103986 C1.12_HE578985 99.65 283 1 0 1 283 1 283 1e-159 553 C3_HE579001 300 (1406.0)
denovo104002 C3_HE579001 99.65 283 1 0 1 283 1 283 1e-159 553 C3_HE579001 300 (1406.0)
denovo104011 B1_AF333511 100.00 12 0 0 84 95 95 84 2.8 24.3 B1_JN558057 306 (1417.0)
denovo104012 B1_AF333511 98.95 287 3 0 1 287 1 287 3e-157 545 B1_JN558057 306 (1408.0)
denovo104019 B1_AF333511 100.00 12 0 0 84 95 95 84 2.8 24.3 B1_JN558057 306 (1393.0)
denovo104082 C46_EU449108 99.29 283 2 0 1 283 1 283 3e-157 545 C46_EU449108 300 (1397.0)
denovo104112 B1_AF333511 100.00 12 0 0 84 95 95 84 2.8 24.3 B1_JN558057 306 (1399.0)
denovo104132 B1_AF333511 100.00 12 0 0 84 95 95 84 2.8 24.3 B1_JN558057 306 (1417.0)
denovo104141 B1_AF333511 98.26 287 2 1 4 290 4 287 3e-151 525 B1_JN558057 309 (1397.0)
denovo104143 B1_AF333511 98.26 287 2 1 4 290 4 287 3e-151 525 B1_JN558057 309 (1397.0)
denovo104145 B1_AF333511 97.21 287 5 1 4 290 4 287 4e-144 502 B1_JN558057 309 (1370.0)
denovo10415 C93_AJ621536 97.96 49 1 0 1 49 1 49 5e-20 89.7 C3_HE579001 300 (1268.0)
denovo104155 C44_AY589750 99.65 283 1 0 1 283 1 283 1e-159 553 C44_AY589750 300 (1406.0)
denovo104156 C1c/C45_EU449103 99.65 283 1 0 1 283 1 283 1e-159 553 C1c/C45_EU449103 300 (1406.0)
denovo104171 A4_AF333509 100.00 253 0 0 1 253 1 253 4e-144 502 A4_AF333509 272 (1266.0)
denovo104185 B1_AF333511 99.65 287 1 0 1 287 1 287 5e-162 561 B1_JN558057 306 (1426.0)
denovo104198 C46_EU449108 99.65 283 1 0 1 283 1 283 1e-159 553 C46_EU449108 300 (1406.0)
denovo104223 B1_AF333511 99.65 287 1 0 1 287 1 287 5e-162 561 B1_JN558057 306 (1426.0)
denovo104234 C46_EU449108 99.65 283 1 0 1 283 1 283 1e-159 553 C46_EU449108 300 (1406.0)
denovo104235 B1_AF333511 99.65 284 1 0 4 287 4 287 3e-160 555 B1_JN558057 306 (1417.0)
denovo104248 C44_AY589750 99.29 283 2 0 1 283 1 283 3e-157 545 C45a_AY765404 300 (1397.0)
denovo104252 C44_AY589750 99.29 283 2 0 1 283 1 283 3e-157 545 C45a_AY765404 300 (1397.0)
denovo104258 B1_AF333511 100.00 12 0 0 84 95 95 84 2.8 24.3 B1_JN558057 306 (1417.0)
denovo104271 B1_AF333511 99.65 287 1 0 1 287 1 287 5e-162 561 B1_JN558057 306 (1426.0)
denovo10429 B1d_GU907633 99.65 287 1 0 1 287 1 287 5e-162 561 B1d_GU907633 306 (1426.0)
denovo104303 C1c/C45_EU449103 99.65 283 1 0 1 283 1 283 1e-159 553 C1c/C45_EU449103 300 (1406.0)
denovo104306 A4_AF333509 99.61 255 1 0 1 255 1 255 6e-143 498 A4_AF333509 272 (1266.0)
denovo104312 B1_AF333511 96.88 32 1 0 216 247 256 287 7e-10 56.0 B1_JN558057 306 (1178.5)
denovo104318 B1d_GU907633 99.65 287 1 0 1 287 1 287 5e-162 561 B1d_GU907633 306 (1426.0)
denovo104331 B1_AF333511 99.65 287 1 0 1 287 1 287 5e-162 561 B1_JN558057 306 (1426.0)
denovo104355 B1_AF333511 100.00 12 0 0 84 95 95 84 2.8 24.3 B1_JN558057 306 (1417.0)
denovo104367 C45a_AY765404 100.00 283 0 0 1 283 1 283 5e-162 561 C45a_AY765404 300 (1415.0)
denovo104393 B1i_GU907636 99.65 287 1 0 1 287 1 287 5e-162 561 B1i_GU907636 306 (1426.0)
denovo10440 C1_AF333515 99.65 283 1 0 1 283 1 283 1e-159 553 C1_JN558041 300 (1406.0)
denovo104430 C46_EU449108 99.65 283 1 0 1 283 1 283 1e-159 553 C46_EU449108 300 (1406.0)
denovo104446 A4_AF333509 99.61 255 1 0 1 255 1 255 6e-143 498 A4_AF333509 272 (1266.0)
denovo104458 C44_AY589750 99.29 283 2 0 1 283 1 283 3e-157 545 C44_AY589750 300 (1397.0)
denovo104465 B1_AF333511 100.00 12 0 0 84 95 95 84 2.8 24.3 B1_JN558057 306 (1435.0)
denovo104469 B1_AF333511 99.29 283 2 0 9 291 5 287 3e-157 545 B1_JN558057 310 (1405.5)
denovo104470 B1_AF333511 98.95 287 3 0 1 287 1 287 3e-157 545 B1_JN558057 306 (1408.0)
denovo104471 B1_AF333511 99.31 288 1 1 1 288 1 287 8e-158 547 B1_JN558057 307 (1416.0)
denovo10450 B1_AF333511 100.00 12 0 0 84 95 95 84 2.8 24.3 B1_JN558057 306 (1417.0)
denovo104506 B1_AF333511 100.00 12 0 0 84 95 95 84 2.8 24.3 B1_JN558057 306 (1435.0)
denovo104528 C45.3_FJ461522 99.65 283 1 0 1 283 1 283 1e-159 553 C45.3_FJ461522 300 (1406.0)
denovo104530 B1_AF333511 99.65 284 1 0 4 287 4 287 3e-160 555 B1_JN558057 306 (1417.0)
denovo104538 B1_AF333511 99.65 287 1 0 1 287 1 287 5e-162 561 B1_JN558057 306 (1426.0)
denovo104560 C1227_EU074882 99.29 283 2 0 1 283 1 283 3e-157 545 C1227_EU074882 300 (1397.0)
denovo10458 C3_HE579001 99.65 283 1 0 1 283 1 283 1e-159 553 C3_HE579001 300 (1406.0)
denovo104600 C45a_AY765404 99.65 283 1 0 1 283 1 283 1e-159 553 C45a_AY765404 300 (1406.0)
denovo104615 C44_AY589750 99.29 283 2 0 1 283 1 283 3e-157 545 C45a_AY765404 300 (1397.0)
denovo104618 C46_EU449108 99.65 283 1 0 1 283 1 283 1e-159 553 C46_EU449108 300 (1406.0)
denovo104624 C1_AF333515 99.65 283 1 0 1 283 1 283 1e-159 553 C1_JN558041 300 (1406.0)
denovo10463 C3b_AF499791 99.65 282 1 0 1 282 1 282 5e-159 551 C3b_AF499791 299 (1401.0)
denovo10465 C1c/C45_EU449103 99.65 283 1 0 1 283 1 283 1e-159 553 C1c/C45_EU449103 300 (1406.0)
denovo104670 C1_AF333515 99.65 283 1 0 1 283 1 283 1e-159 553 C1_JN558041 300 (1406.0)
denovo104672 B1_AF333511 99.65 287 1 0 1 287 1 287 5e-162 561 B1_JN558057 306 (1426.0)
denovo104695 C46_EU449108 99.65 283 1 0 1 283 1 283 1e-159 553 C46_EU449108 300 (1406.0)
denovo104724 B1_AF333511 100.00 12 0 0 84 95 95 84 2.6 24.3 B1_JN558057 306 (1336.0)
denovo104734 B1_AF333511 100.00 12 0 0 84 95 95 84 2.8 24.3 B1_JN558057 306 (1417.0)
denovo104735 C46_EU449108 99.65 283 1 0 1 283 1 283 1e-159 553 C46_EU449108 300 (1406.0)
denovo104741 C1002_DQ838544 100.00 210 0 0 49 258 74 283 2e-118 416 C1002_DQ838544 300 (1268.0)
denovo104743 C1_AF333515 99.29 283 2 0 1 283 1 283 3e-157 545 C3a_AF499790 300 (1397.0)
denovo104748 C46_EU449108 99.29 283 1 1 1 282 1 283 7e-155 537 C46_EU449108 300 (1391.0)
denovo104762 B19_GU907641 96.82 283 9 0 1 283 1 283 2e-140 490 B19_GU907641 302 (1334.0)
denovo104763 B1_AF333511 99.65 287 1 0 1 287 1 287 5e-162 561 B1_JN558057 306 (1426.0)
denovo104766 B1_AF333511 98.95 287 3 0 1 287 1 287 3e-157 545 B1_JN558057 306 (1408.0)
denovo104767 B1_AF333511 98.95 287 3 0 1 287 1 287 3e-157 545 B1_JN558057 306 (1408.0)
denovo104769 B1_AF333511 100.00 12 0 0 84 95 95 84 2.8 24.3 B1.IV_Green2014 316 (1408.0)
denovo104771 B1_AF333511 99.65 287 1 0 1 287 1 287 5e-162 561 B1_JN558057 306 (1426.0)
denovo104791 B1_AF333511 99.30 284 2 0 4 287 4 287 8e-158 547 B1_JN558057 306 (1408.0)
denovo104816 C1_AF333515 99.65 283 1 0 1 283 1 283 1e-159 553 C1_JN558041 300 (1406.0)
denovo10484 B1d_GU907633 100.00 12 0 0 84 95 95 84 2.7 24.3 B1d_GU907633 306 (1400.0)
denovo104842 B1.VI_Green2014 100.00 12 0 0 64 75 86 75 2.6 24.3 B7_AF499784 306 (1297.5)
denovo104848 B1_AF333511 98.95 287 2 1 1 286 1 287 8e-155 537 B1_JN558057 306 (1402.0)
denovo104849 B1_AF333511 100.00 12 0 0 84 95 95 84 2.8 24.3 B1_JN558057 306 (1435.0)
denovo104857 C3_HE579001 99.65 283 1 0 1 283 1 283 1e-159 553 C3_HE579001 300 (1406.0)
denovo104864 C3_HE579001 99.65 283 1 0 1 283 1 283 1e-159 553 C3_HE579001 300 (1406.0)
denovo104865 C3_HE579001 99.65 283 1 0 1 283 1 283 1e-159 553 C3_HE579001 300 (1406.0)
denovo104887 A4a.1_FN429762 99.61 255 1 0 1 255 1 255 6e-143 498 A4a_AF499778 272 (1266.0)
denovo104921 C1c/C45_EU449103 99.65 283 1 0 1 283 1 283 1e-159 553 C1c/C45_EU449103 300 (1406.0)
denovo104929 C46_EU449108 99.65 283 1 0 1 283 1 283 1e-159 553 C46_EU449108 300 (1406.0)
denovo104942 A4_AF333509 99.61 255 1 0 1 255 1 255 6e-143 498 A4_AF333509 272 (1266.0)
denovo104943 C1c/C45_EU449103 99.65 283 1 0 1 283 1 283 1e-159 553 C1c/C45_EU449103 300 (1406.0)
denovo10495 B1_AF333511 99.65 287 1 0 1 287 1 287 5e-162 561 B1_JN558057 306 (1426.0)
denovo104956 C3_HE579001 99.65 283 1 0 1 283 1 283 1e-159 553 C3_HE579001 300 (1406.0)
denovo104957 C3_HE579001 99.65 283 1 0 1 283 1 283 1e-159 553 C3_HE579001 300 (1406.0)
denovo10496 C44_AY589750 98.94 283 3 0 1 283 1 283 8e-155 537 C44_AY589750 300 (1388.0)
denovo104961 C3_HE579001 99.29 283 2 0 1 283 1 283 3e-157 545 C3_HE579001 300 (1397.0)
denovo104965 B1_AF333511 99.65 287 1 0 1 287 1 287 5e-162 561 B1_JN558057 306 (1426.0)
denovo104972 A4_AF333509 99.61 255 1 0 1 255 1 255 6e-143 498 A4_AF333509 272 (1266.0)
denovo104979 C45a_AY765404 99.65 283 1 0 1 283 1 283 1e-159 553 C45a_AY765404 300 (1406.0)
denovo1050 B1_AF333511 99.65 284 1 0 4 287 4 287 3e-160 555 B1_JN558057 306 (1417.0)
denovo105003 B1_AF333511 100.00 283 0 0 9 291 5 287 5e-162 561 B1_JN558057 310 (1423.5)
denovo105033 B1d_GU907633 98.26 287 2 1 1 284 1 287 3e-151 525 B1d_GU907633 306 (1391.0)
denovo105067 B1_AF333511 99.30 287 1 1 1 286 1 287 3e-157 545 B1_JN558057 306 (1411.0)
denovo105074 B1_AF333511 100.00 12 0 0 84 95 95 84 2.8 24.3 B1_JN558057 306 (1417.0)
denovo105077 B1_AF333511 100.00 12 0 0 84 95 95 84 2.8 24.3 B1_JN558057 306 (1435.0)
denovo105095 B19_GU907641 91.61 286 3 3 1 268 1 283 4e-110 389 B19_GU907641 305 (1259.0)
denovo105096 B1_AF333511 100.00 12 0 0 87 98 95 84 2.8 24.3 B1_JN558057 309 (1397.0)
denovo105105 C46_EU449108 99.65 283 1 0 1 283 1 283 1e-159 553 C46_EU449108 300 (1406.0)
denovo10511 C44_AY589750 99.65 283 1 0 1 283 1 283 1e-159 553 C44_AY589750 300 (1406.0)
denovo105129 B1_AF333511 99.65 287 1 0 1 287 1 287 5e-162 561 B1_JN558057 306 (1426.0)
denovo105154 A4_AF333509 99.61 255 1 0 1 255 1 255 6e-143 498 A4_AF333509 272 (1266.0)
denovo105161 C1c/C45_EU449103 99.64 279 1 0 1 279 1 279 3e-157 545 C1c/C45_EU449103 300 (1397.0)
denovo10518 B1_AF333511 99.31 288 1 1 1 288 1 287 8e-158 547 B1_JN558057 307 (1416.0)
denovo105189 B1a_AF499779 100.00 12 0 0 84 95 95 84 2.8 24.3 B1a_AF499779 306 (1426.0)
denovo105197 C1.6_FJ461493 99.29 283 2 0 1 283 1 283 3e-157 545 C1c/C45_EU449103 300 (1397.0)
denovo105208 C46_EU449108 99.29 283 1 1 1 282 1 283 7e-155 537 C46_EU449108 300 (1391.0)
denovo105220 B1d_GU907633 99.65 287 1 0 1 287 1 287 5e-162 561 B1d_GU907633 306 (1426.0)
denovo105222 B1d_GU907633 98.25 285 2 1 3 284 3 287 5e-150 521 B1d_GU907633 306 (1382.0)
denovo105231 B1_AF333511 98.95 287 3 0 1 287 1 287 3e-157 545 B1_JN558057 306 (1408.0)
denovo105249 B1_AF333511 99.30 287 1 1 1 286 1 287 3e-157 545 B1_JN558057 306 (1411.0)
denovo105261 C3_HE579001 99.65 283 1 0 1 283 1 283 1e-159 553 C3_HE579001 300 (1406.0)
denovo105268 C1_AF333515 98.59 283 4 0 1 283 1 283 2e-152 529 C4_AF499794 300 (1379.0)
denovo105287 C3.12_FJ461507 100.00 283 0 0 1 283 1 283 5e-162 561 C3.12_FJ461507 300 (1415.0)
denovo105296 C44_AY589750 98.23 283 5 0 1 283 1 283 4e-150 521 C45a_AY765404 300 (1370.0)
denovo105326 A4_AF333509 99.61 255 1 0 1 255 1 255 6e-143 498 A4_AF333509 272 (1266.0)
denovo10533 B1_AF333511 99.65 287 1 0 1 287 1 287 5e-162 561 B1_JN558057 306 (1426.0)
denovo105342 B1_AF333511 100.00 12 0 0 84 95 95 84 2.8 24.3 B1_JN558057 306 (1378.0)
denovo105343 B1_AF333511 99.65 287 1 0 1 287 1 287 5e-162 561 B1_JN558057 306 (1426.0)
denovo105353 C3_HE579001 99.65 283 1 0 1 283 1 283 1e-159 553 C3_HE579001 300 (1406.0)
denovo105365 B1_AF333511 99.65 284 1 0 4 287 4 287 3e-160 555 B1_JN558057 306 (1417.0)
denovo105370 C44_AY589750 99.29 283 2 0 1 283 1 283 3e-157 545 C45a_AY765404 300 (1397.0)
denovo105375 C45a_AY765404 99.65 283 1 0 1 283 1 283 1e-159 553 C45a_AY765404 300 (1406.0)
denovo105385 C44_AY589750 99.65 283 1 0 1 283 1 283 1e-159 553 C44_AY589750 300 (1406.0)
denovo105386 C45a_AY765404 100.00 283 0 0 1 283 1 283 5e-162 561 C45a_AY765404 300 (1415.0)
denovo105394 B1_AF333511 99.30 287 1 1 1 286 1 287 3e-157 545 B1_JN558057 306 (1411.0)
denovo105404 C46_EU449108 99.65 283 1 0 1 283 1 283 1e-159 553 C46_EU449108 300 (1406.0)
denovo105414 C1c/C45_EU449103 99.65 283 1 0 1 283 1 283 1e-159 553 C1c/C45_EU449103 300 (1406.0)
denovo10544 C1c/C45_EU449103 100.00 283 0 0 1 283 1 283 5e-162 561 C1c/C45_EU449103 300 (1415.0)
denovo105442 B1_AF333511 99.65 287 1 0 1 287 1 287 5e-162 561 B1_JN558057 306 (1426.0)
denovo105480 C3_HE579001 99.65 283 1 0 1 283 1 283 1e-159 553 C3_HE579001 300 (1406.0)
denovo105519 B1d_GU907633 99.65 287 1 0 1 287 1 287 5e-162 561 B1d_GU907633 306 (1426.0)
denovo105525 C3_HE579001 99.65 283 1 0 1 283 1 283 1e-159 553 C3_HE579001 300 (1406.0)
denovo105536 C3_HE579001 99.65 283 1 0 1 283 1 283 1e-159 553 C3_HE579001 300 (1406.0)
denovo105549 A4_AF333509 99.22 255 2 0 1 255 1 255 1e-140 490 A4_AF333509 272 (1257.0)
denovo105574 D1.10_HE579039 100.00 271 0 0 1 271 1 271 7e-155 537 D1.10_HE579039 297 (1355.0)
denovo105594 B1_AF333511 99.30 287 1 1 1 286 1 287 3e-157 545 B1_JN558057 306 (1411.0)
denovo105620 C44_AY589750 99.29 283 2 0 1 283 1 283 3e-157 545 C45a_AY765404 300 (1397.0)
denovo105623 C3_HE579001 99.65 283 1 0 1 283 1 283 1e-159 553 C3_HE579001 300 (1406.0)
denovo105625 C3_HE579001 99.65 283 1 0 1 283 1 283 1e-159 553 C3_HE579001 300 (1406.0)
denovo105629 C3_HE579001 100.00 283 0 0 1 283 1 283 5e-162 561 C3_HE579001 300 (1415.0)
denovo105631 C46_EU449108 99.65 283 1 0 1 283 1 283 1e-159 553 C46_EU449108 300 (1406.0)
denovo105639 B2_JN558060 91.55 284 1 2 1 262 1 283 4e-113 398 B2_JN558060 303 (1265.5)
denovo105642 C44_AY589750 98.59 283 4 0 1 283 1 283 2e-152 529 C45a_AY765404 300 (1379.0)
denovo105650 C1_AF333515 100.00 283 0 0 1 283 1 283 5e-162 561 C1_JN558041 300 (1415.0)
denovo105653 C46_EU449108 99.65 283 1 0 1 283 1 283 1e-159 553 C46_EU449108 300 (1406.0)
denovo105654 C1002_DQ838544 99.65 283 1 0 1 283 1 283 1e-159 553 C1002_DQ838544 300 (1406.0)
denovo105670 C93_AJ621536 97.96 49 1 0 1 49 1 49 5e-20 89.7 C3_HE579001 300 (1268.0)
denovo105672 C1.11_HE578984 99.29 283 2 0 1 283 1 283 3e-157 545 C1c/C45_EU449103 300 (1397.0)
denovo105694 B1_AF333511 98.59 284 4 0 4 287 4 287 5e-153 531 B1_JN558057 306 (1390.0)
denovo105697 B1_AF333511 100.00 12 0 0 84 95 95 84 2.8 24.3 B1_JN558057 306 (1399.0)
denovo1057 A4_AF333509 100.00 255 0 0 1 255 1 255 2e-145 505 A4_AF333509 272 (1275.0)
denovo105703 C3_HE579001 99.65 283 1 0 1 283 1 283 1e-159 553 C3_HE579001 300 (1406.0)
denovo105717 C46_EU449108 99.65 283 1 0 1 283 1 283 1e-159 553 C46_EU449108 300 (1406.0)
denovo105720 A4_AF333509 99.22 255 2 0 1 255 1 255 1e-140 490 A4_AF333509 272 (1257.0)
denovo105723 B1_AF333511 99.65 283 0 1 4 286 4 285 3e-157 545 B1_JN558057 307 (1407.0)
denovo105727 B1_AF333511 100.00 12 0 0 84 95 95 84 2.8 24.3 B1_JN558057 306 (1417.0)
denovo105729 C44_AY589750 99.29 283 2 0 1 283 1 283 3e-157 545 C45a_AY765404 300 (1397.0)
denovo105738 B1_AF333511 99.65 287 1 0 1 287 1 287 5e-162 561 B1_JN558057 306 (1426.0)
denovo105744 B1_AF333511 99.30 287 1 1 1 286 1 287 3e-157 545 B1_JN558057 306 (1411.0)
denovo105745 B1_AF333511 99.65 287 1 0 1 287 1 287 5e-162 561 B1_JN558057 306 (1426.0)
denovo105758 B1_AF333511 98.26 287 2 1 4 290 4 287 3e-151 525 B1_JN558057 309 (1397.0)
denovo105767 C1231_EU074878 99.65 283 1 0 2 284 1 283 1e-159 553 C3_HE579001 301 (1406.0)
denovo105768 B1_AF333511 96.88 32 1 0 216 247 256 287 7e-10 56.0 B1_JN558057 306 (1187.5)
denovo105783 B1_AF333511 100.00 12 0 0 84 95 95 84 2.8 24.3 B1_JN558057 306 (1408.0)
denovo10582 C44_AY589750 98.23 283 5 0 1 283 1 283 4e-150 521 C45a_AY765404 300 (1370.0)
denovo105822 C1002_DQ838544 100.00 283 0 0 1 283 1 283 5e-162 561 C1002_DQ838544 300 (1415.0)
denovo10583 C44_AY589750 99.64 281 1 0 3 283 3 283 2e-158 549 C45a_AY765404 300 (1397.0)
denovo105837 C44_AY589750 99.65 283 1 0 1 283 1 283 1e-159 553 C44_AY589750 300 (1406.0)
denovo105845 C46_EU449108 98.94 283 3 0 1 283 1 283 8e-155 537 C46_EU449108 300 (1388.0)
denovo105866 C44_AY589750 99.65 283 1 0 1 283 1 283 1e-159 553 C44_AY589750 300 (1406.0)
denovo105873 C3_HE579001 99.65 283 1 0 1 283 1 283 1e-159 553 C3_HE579001 300 (1406.0)
denovo105887 C1_AF333515 99.65 283 1 0 1 283 1 283 1e-159 553 C1_JN558041 300 (1406.0)
denovo10589 A4_AF333509 99.22 255 2 0 1 255 1 255 1e-140 490 A4_AF333509 272 (1257.0)
denovo105899 A4_AF333509 99.61 255 1 0 1 255 1 255 6e-143 498 A4_AF333509 272 (1266.0)
denovo10590 A4_AF333509 99.61 255 1 0 1 255 1 255 6e-143 498 A4_AF333509 272 (1266.0)
denovo105901 D1_JN558076 99.63 271 1 0 1 271 1 271 3e-142 496 D2_AY686649 543 (1347.0)
denovo105912 C46_EU449108 100.00 283 0 0 1 283 1 283 5e-162 561 C46_EU449108 300 (1415.0)
denovo105913 B1_AF333511 100.00 12 0 0 84 95 95 84 2.8 24.3 B1_JN558057 306 (1417.0)
denovo105943 B1_AF333511 100.00 12 0 0 87 98 95 84 2.8 24.3 B1_JN558057 309 (1406.0)
denovo105952 B1a_AF499779 100.00 12 0 0 84 95 95 84 2.8 24.3 B1a_AF499779 306 (1420.0)
denovo105978 C22_AY239373 92.81 278 1 1 1 259 1 278 1e-119 420 C22_AY239373 295 (1267.0)
denovo105989 A4_AF333509 99.61 255 1 0 1 255 1 255 6e-143 498 A4_AF333509 272 (1266.0)
denovo10599 B1_AF333511 99.65 287 1 0 1 287 1 287 5e-162 561 B1_JN558057 306 (1426.0)
denovo105991 A4_AF333509 97.25 255 6 1 1 254 1 255 3e-126 442 A4_AF333509 272 (1206.0)
denovo105992 C1c/C45_EU449103 99.65 283 1 0 1 283 1 283 1e-159 553 C1c/C45_EU449103 300 (1406.0)
denovo106000 B1_AF333511 99.65 287 1 0 1 287 1 287 5e-162 561 B1_JN558057 306 (1426.0)
denovo106015 B1_AF333511 100.00 12 0 0 84 95 95 84 2.8 24.3 B1_JN558057 307 (1389.0)
denovo106018 C1_AF333515 99.65 283 1 0 1 283 1 283 1e-159 553 C1_JN558041 300 (1406.0)
denovo106063 B1_AF333511 99.65 287 1 0 1 287 1 287 5e-162 561 B1_JN558057 306 (1426.0)
denovo106084 C45a_AY765404 99.65 283 1 0 1 283 1 283 1e-159 553 C45a_AY765404 300 (1406.0)
denovo106085 C44_AY589750 98.94 283 3 0 1 283 1 283 8e-155 537 C45a_AY765404 300 (1388.0)
denovo106088 C44_AY589750 98.23 283 5 0 1 283 1 283 4e-150 521 C45a_AY765404 300 (1370.0)
denovo106100 A4_AF333509 99.61 255 1 0 1 255 1 255 6e-143 498 A4_AF333509 272 (1266.0)
denovo106102 B1_AF333511 99.65 283 0 1 4 286 4 285 3e-157 545 B1_JN558057 307 (1407.0)
denovo106125 B1_AF333511 100.00 12 0 0 84 95 95 84 2.8 24.3 B1_JN558057 306 (1417.0)
denovo106133 C44_AY589750 99.29 283 2 0 1 283 1 283 3e-157 545 C45a_AY765404 300 (1397.0)
denovo106139 C1_AF333515 99.65 283 1 0 1 283 1 283 1e-159 553 C36_AY258480 300 (1406.0)
denovo10614 C3_HE579001 100.00 283 0 0 1 283 1 283 5e-162 561 C3_HE579001 300 (1415.0)
denovo106145 C1230_EU074889 99.27 274 2 0 1 274 1 274 7e-152 527 C1230_EU074889 291 (1352.0)
denovo10615 C1002_DQ838544 99.65 283 1 0 1 283 1 283 1e-159 553 C1002_DQ838544 300 (1406.0)
denovo106155 C3_HE579001 99.65 283 1 0 1 283 1 283 1e-159 553 C3_HE579001 300 (1406.0)
denovo106156 C3_HE579001 99.65 283 1 0 1 283 1 283 1e-159 553 C65_AY589769 300 (1406.0)
denovo106165 C3_HE579001 99.65 283 1 0 1 283 1 283 1e-159 553 C3_HE579001 300 (1406.0)
denovo106167 C1c/C45_EU449103 99.65 283 1 0 1 283 1 283 1e-159 553 C1c/C45_EU449103 300 (1406.0)
denovo106178 B1_AF333511 100.00 12 0 0 87 98 95 84 2.8 24.3 B1_JN558057 309 (1379.0)
denovo10619 B1_AF333511 99.65 284 1 0 4 287 4 287 3e-160 555 B1_JN558057 306 (1417.0)
denovo106204 C3_HE579001 99.65 283 1 0 1 283 1 283 1e-159 553 C3_HE579001 300 (1406.0)
denovo106207 C1040_AB190269 100.00 283 0 0 1 283 1 283 5e-162 561 C1040_AB190269 300 (1415.0)
denovo106209 B1_AF333511 99.30 287 1 1 1 286 1 287 3e-157 545 B1_JN558057 306 (1411.0)
denovo106210 B1_AF333511 98.26 287 2 1 1 284 1 287 3e-151 525 B1_JN558057 306 (1391.0)
denovo106233 B1_AF333511 99.65 287 1 0 1 287 1 287 5e-162 561 B1_JN558057 306 (1426.0)
denovo106247 B1_AF333511 98.95 287 2 1 1 286 1 287 8e-155 537 B1_JN558057 306 (1402.0)
denovo106249 B1_AF333511 100.00 12 0 0 84 95 95 84 2.8 24.3 B1_JN558057 306 (1417.0)
denovo10625 B1_AF333511 99.30 285 1 1 4 288 4 287 5e-156 541 B1_JN558057 307 (1407.0)
denovo106274 C46_EU449108 99.29 283 2 0 1 283 1 283 3e-157 545 C46_EU449108 300 (1397.0)
denovo10628 C1c/C45_EU449103 99.65 283 1 0 1 283 1 283 1e-159 553 C1c/C45_EU449103 300 (1406.0)
denovo106284 B1_AF333511 99.65 287 1 0 1 287 1 287 5e-162 561 B1_JN558057 306 (1426.0)
denovo1063 C3_HE579001 99.65 283 1 0 1 283 1 283 1e-159 553 C3_HE579001 300 (1406.0)
denovo106318 B1_AF333511 100.00 12 0 0 84 95 95 84 2.8 24.3 B1_JN558057 309 (1397.0)
denovo106319 B1_AF333511 98.26 287 2 2 1 284 1 287 3e-148 515 B1_JN558057 306 (1381.5)
denovo106329 C1059_DQ480609 98.59 283 4 0 1 283 1 283 2e-152 529 C1c/C45_EU449103 300 (1379.0)
denovo106331 B1_AF333511 98.95 287 2 1 1 286 1 287 8e-155 537 B1_JN558057 306 (1402.0)
denovo106356 B1d_GU907633 98.26 287 2 1 1 284 1 287 3e-151 525 B1d_GU907633 306 (1391.0)
denovo106360 C1.12_HE578985 99.65 283 1 0 1 283 1 283 1e-159 553 C3_HE579001 300 (1406.0)
denovo106378 A4_AF333509 99.61 255 1 0 1 255 1 255 6e-143 498 A4_AF333509 272 (1266.0)
denovo106414 B1d_GU907633 97.18 284 5 1 4 284 4 287 3e-142 496 B1d_GU907633 306 (1355.0)
denovo106445 C15.28_KC597687 99.65 283 1 0 1 283 1 283 1e-159 553 C15.28_KC597687 300 (1406.0)
denovo106448 B1_AF333511 100.00 12 0 0 84 95 95 84 2.8 24.3 B1_JN558057 306 (1417.0)
denovo106450 C70_AY589774 99.29 283 2 0 1 283 1 283 3e-157 545 C70_AY589774 300 (1397.0)
denovo106451 C3_HE579001 99.65 283 1 0 1 283 1 283 1e-159 553 C3_HE579001 300 (1406.0)
denovo106498 B1.VII_Green2014 97.10 276 3 1 1 271 1 276 9e-139 484 B1_JN558057 306 (1328.5)
denovo106505 C1011_DQ480605 99.64 279 1 0 1 279 1 279 3e-157 545 C3_HE579001 300 (1397.0)
denovo106514 C46_EU449108 99.65 283 1 0 1 283 1 283 1e-159 553 C46_EU449108 300 (1406.0)
denovo106521 B1d_GU907633 99.65 287 1 0 1 287 1 287 5e-162 561 B1d_GU907633 306 (1426.0)
denovo106523 C44_AY589750 99.29 283 2 0 1 283 1 283 3e-157 545 C45a_AY765404 300 (1397.0)
denovo106527 B1d_GU907633 99.65 287 1 0 1 287 1 287 5e-162 561 B1d_GU907633 306 (1426.0)
denovo106555 C46_EU449108 99.65 283 1 0 1 283 1 283 1e-159 553 C46_EU449108 300 (1406.0)
denovo106557 B1d_GU907633 99.30 284 2 0 4 287 4 287 8e-158 547 B1d_GU907633 306 (1408.0)
denovo106575 B1_AF333511 99.65 287 1 0 1 287 1 287 5e-162 561 B1_JN558057 306 (1426.0)
denovo106576 B1_AF333511 99.65 287 1 0 1 287 1 287 5e-162 561 B1_JN558057 306 (1426.0)
denovo106580 B1_AF333511 99.65 287 1 0 1 287 1 287 5e-162 561 B1_JN558057 306 (1426.0)
denovo106584 B1_AF333511 100.00 12 0 0 84 95 95 84 2.8 24.3 B1_JN558057 306 (1417.0)
denovo106586 C44_AY589750 99.29 283 2 0 1 283 1 283 3e-157 545 C44_AY589750 300 (1397.0)
denovo106589 B1_AF333511 100.00 12 0 0 84 95 95 84 2.8 24.3 B1_JN558057 306 (1417.0)
denovo10659 C1231_EU074878 99.29 283 2 0 1 283 1 283 3e-157 545 C1231_EU074878 300 (1397.0)
denovo106614 C1b/C1e_AY239363 99.65 282 1 0 1 282 1 282 5e-159 551 C1b/C1e_AY239363 299 (1401.0)
denovo106625 B1_AF333511 99.30 287 1 1 1 286 1 287 3e-157 545 B1_JN558057 306 (1411.0)
denovo106626 B1_AF333511 99.31 288 1 1 1 288 1 287 8e-158 547 B1_JN558057 307 (1416.0)
denovo106645 C3_HE579001 99.65 283 1 0 1 283 1 283 1e-159 553 C3_HE579001 300 (1406.0)
denovo106652 B1_AF333511 99.30 287 1 1 1 286 1 287 3e-157 545 B1_JN558057 306 (1411.0)
denovo106655 C45a_AY765404 99.65 283 1 0 1 283 1 283 1e-159 553 C45a_AY765404 300 (1406.0)
denovo106659 C45a_AY765404 99.65 283 1 0 1 283 1 283 1e-159 553 C45a_AY765404 300 (1406.0)
denovo106673 C3_HE579001 99.65 283 1 0 1 283 1 283 1e-159 553 C3_HE579001 300 (1406.0)
denovo106713 C44_AY589750 99.29 283 2 0 1 283 1 283 3e-157 545 C45a_AY765404 300 (1397.0)
denovo106715 C44_AY589750 98.94 283 3 0 1 283 1 283 8e-155 537 C45a_AY765404 300 (1388.0)
denovo106746 B1_AF333511 98.95 285 3 0 3 287 3 287 5e-156 541 B1_JN558057 306 (1399.0)
denovo106749 C46_EU449108 99.65 283 1 0 1 283 1 283 1e-159 553 C46_EU449108 300 (1406.0)
denovo106775 B1_AF333511 98.95 287 3 0 1 287 1 287 3e-157 545 B1_JN558057 306 (1408.0)
denovo106776 C45a_AY765404 99.65 283 1 0 1 283 1 283 1e-159 553 C45a_AY765404 300 (1406.0)
denovo106778 C45a_AY765404 100.00 283 0 0 1 283 1 283 5e-162 561 C45a_AY765404 300 (1415.0)
denovo10678 C1c/C45_EU449103 98.94 283 3 0 1 283 1 283 8e-155 537 C1c/C45_EU449103 300 (1388.0)
denovo106800 C1_AF333515 99.65 283 1 0 1 283 1 283 1e-159 553 C1_JN558041 300 (1406.0)
denovo106820 C1_AF333515 99.65 283 1 0 1 283 1 283 1e-159 553 C1_JN558041 300 (1406.0)
denovo106823 C3.20_HE579008 100.00 283 0 0 1 283 1 283 5e-162 561 C3.20_HE579008 300 (1415.0)
denovo106828 C46_EU449108 99.65 283 1 0 1 283 1 283 1e-159 553 C46_EU449108 300 (1406.0)
denovo106833 C46_EU449108 99.65 283 1 0 1 283 1 283 1e-159 553 C46_EU449108 300 (1406.0)
denovo106839 C45a_AY765404 99.65 283 1 0 1 283 1 283 1e-159 553 C45a_AY765404 300 (1406.0)
denovo106843 A4_AF333509 98.43 255 4 0 1 255 1 255 8e-136 474 A4_AF333509 272 (1239.0)
denovo106848 A4a.1_FN429762 99.61 255 1 0 1 255 1 255 6e-143 498 A4a_AF499778 272 (1266.0)
denovo106850 A4_AF333509 99.61 255 1 0 1 255 1 255 6e-143 498 A4_AF333509 272 (1266.0)
denovo106871 B1_AF333511 98.62 290 1 1 1 290 1 287 2e-155 539 B1_JN558057 309 (1415.0)
denovo106872 C3_HE579001 99.65 283 1 0 1 283 1 283 1e-159 553 C3_HE579001 300 (1406.0)
denovo106878 B1d_GU907633 98.59 283 1 1 5 284 5 287 3e-151 525 B1d_GU907633 306 (1391.0)
denovo106879 B1d_GU907633 99.65 287 1 0 1 287 1 287 5e-162 561 B1d_GU907633 306 (1426.0)
denovo106890 B1_AF333511 99.65 287 1 0 1 287 1 287 5e-162 561 B1_JN558057 306 (1426.0)
denovo106895 C1c/C45_EU449103 99.65 283 1 0 1 283 1 283 1e-159 553 C1c/C45_EU449103 300 (1406.0)
denovo106900 A4_AF333509 99.22 255 2 0 1 255 1 255 1e-140 490 A4_AF333509 272 (1257.0)
denovo106902 C1040_AB190269 100.00 283 0 0 1 283 1 283 5e-162 561 C1040_AB190269 300 (1415.0)
denovo106924 B1_AF333511 99.65 284 1 0 4 287 4 287 3e-160 555 B1_JN558057 306 (1417.0)
denovo106926 C46_EU449108 99.65 283 1 0 1 283 1 283 1e-159 553 C46_EU449108 300 (1406.0)
denovo10695 C1c/C45_EU449103 99.65 283 1 0 1 283 1 283 1e-159 553 C1c/C45_EU449103 300 (1406.0)
