denovo0	B34_GU907649;size=1;	97.21	287	8	0	1	287	1	287	3e-145	 505
denovo1	C3_AB778606;size=2;	97.88	283	6	0	1	283	1	283	1e-147	 513
denovo10	C44_AY589750;size=1;	99.59	245	1	0	39	283	39	283	6e-137	 478
denovo100	C45a_AY765404;size=1;	95.05	283	14	0	1	283	1	283	1e-128	 450
denovo101	B34_GU907649;size=1;	95.85	289	10	1	1	289	1	287	4e-135	 472
denovo102	A4_AF333509;size=1;	93.85	244	15	0	15	258	12	255	5e-103	 365
denovo103	B1.I_Green2014;size=4;	98.95	287	2	1	1	286	1	287	7e-155	 537
denovo104	C1190_EU099841;size=1;	96.79	280	9	0	1	280	1	280	9e-139	 484
denovo105	F4.7_AM748587;size=1;	100.00	13	0	0	289	301	271	283	0.66	26.3
denovo106	B19_DQ865212;size=2;	100.00	239	0	0	23	261	45	283	8e-136	 474
denovo107	B1.I_Green2014;size=4;	97.91	287	3	1	4	290	4	287	7e-149	 517
denovo108	B34_GU907649;size=1;	100.00	12	0	0	88	99	95	84	2.7	24.3
denovo109	B124_EU074874;size=1;	100.00	250	0	0	1	250	1	250	3e-142	 496
denovo11	B19_DQ865212;size=2;	98.25	286	1	2	1	285	1	283	3e-148	 515
denovo110	B1.I_Green2014;size=4;	95.52	290	6	2	1	286	1	287	2e-133	 466
denovo111	B19_DQ865212;size=2;	100.00	33	0	0	1	33	1	33	7e-13	65.9
denovo112	B19_DQ865212;size=2;	100.00	12	0	0	83	94	95	84	2.5	24.3
denovo113	A4_AF333509;size=1;	99.61	255	1	0	1	255	1	255	6e-143	 498
denovo114	A4_AF333509;size=1;	98.04	255	5	0	1	255	1	255	2e-133	 466
denovo115	C3.16_EU786015;size=1;	96.47	283	10	0	1	283	1	283	4e-138	 482
denovo116	B1.I_Green2014;size=4;	96.86	287	9	0	1	287	1	287	6e-143	 498
denovo117	B19_DQ865212;size=2;	91.29	287	3	4	1	269	1	283	6e-106	 375
denovo118	B19_DQ865212;size=2;	100.00	18	0	0	1	18	1	18	6e-04	36.2
denovo119	B1j_GU907637;size=1;	95.83	288	11	1	1	288	1	287	6e-134	 468
denovo12	B1j_GU907637;size=1;	96.83	284	9	0	4	287	4	287	4e-141	 492
denovo120	F4.6_AM748586;size=1;	100.00	14	0	0	277	290	268	281	0.16	28.2
denovo121	D1a_JN558078;size=2;	100.00	271	0	0	1	271	1	271	7e-155	 537
denovo122	C31.1_HQ630876;size=1;	100.00	280	0	0	1	280	1	280	3e-160	 555
denovo123	B7_AF499784;size=1;	99.65	287	1	0	1	287	1	287	5e-162	 561
denovo124	C66_AY589771;size=1;	99.29	281	1	1	4	283	4	284	1e-153	 533
denovo125	B1.III_Green2014;size=1;	98.65	74	1	0	164	237	201	274	5e-35	 139
denovo126	C31_AY258496;size=1;	100.00	280	0	0	1	280	1	280	3e-160	 555
denovo127	C44_AY589750;size=1;	99.56	227	1	0	57	283	57	283	3e-126	 442
denovo128	B2_AF333512;size=2;	90.81	283	4	1	1	261	1	283	4e-110	 389
denovo129	C1c/C45_AY239364;size=2;	97.53	283	7	0	1	283	1	283	3e-145	 505
denovo13	B34_GU907649;size=1;	96.86	287	9	0	1	287	1	287	6e-143	 498
denovo130	B1.I_Green2014;size=4;	100.00	12	0	0	84	95	95	84	2.7	24.3
denovo131	B19_DQ865212;size=2;	96.11	283	11	0	1	283	1	283	9e-136	 474
denovo132	F4.7_AM748587;size=1;	100.00	13	0	0	289	301	271	283	0.66	26.3
denovo133	B34_GU907649;size=1;	100.00	12	0	0	84	95	95	84	2.7	24.3
denovo134	C45a_AY765404;size=1;	99.20	249	2	0	1	249	1	249	6e-137	 478
denovo135	B1.I_Green2014;size=4;	99.65	287	1	0	1	287	1	287	5e-162	 561
denovo136	C44_AY589750;size=1;	95.41	283	13	0	1	283	1	283	5e-131	 458
denovo137	C44_AY589750;size=1;	96.47	283	10	0	1	283	1	283	4e-138	 482
denovo138	C3_AB778606;size=2;	100.00	283	0	0	1	283	1	283	5e-162	 561
denovo139	B34_GU907649;size=1;	100.00	12	0	0	84	95	95	84	2.7	24.3
denovo14	C15.28_KC597687;size=1;	97.84	278	6	0	6	283	6	283	1e-144	 504
denovo140	B19_DQ865212;size=2;	96.11	283	11	0	1	283	1	283	9e-136	 474
denovo141	G3.2_KC597694;size=1;	100.00	270	0	0	1	270	1	270	3e-154	 535
denovo142	A4_AF333509;size=1;	96.47	255	8	1	1	254	1	255	2e-121	 426
denovo143	C31.9_HQ630879;size=1;	100.00	279	0	0	1	279	1	279	1e-159	 553
denovo144	C31_AY258496;size=1;	99.29	280	2	0	1	280	1	280	2e-155	 539
denovo145	A1.1/A13_AF333504;size=2;	83.78	74	9	2	13	83	13	86	2e-04	38.2
denovo146	C1c/C45_AY239364;size=2;	99.65	283	1	0	1	283	1	283	1e-159	 553
denovo147	B1d_GU907633;size=1;	100.00	12	0	0	84	95	95	84	2.7	24.3
denovo148	B1d_GU907633;size=1;	100.00	12	0	0	84	95	95	84	2.6	24.3
denovo149	B1d_GU907633;size=1;	100.00	12	0	0	84	95	95	84	2.6	24.3
denovo15	B31_GU907645;size=1;	100.00	12	0	0	85	96	95	84	2.5	24.3
denovo150	B2_AF333512;size=2;	93.99	283	4	3	1	270	1	283	3e-120	 422
denovo151	B125_EU074865;size=1;	100.00	12	0	0	84	95	95	84	2.7	24.3
denovo152	C3_AB778606;size=2;	98.94	283	1	1	1	281	1	283	4e-153	 531
denovo153	B19_DQ865212;size=2;	98.26	287	1	1	1	287	1	283	7e-152	 527
denovo154	D1a.1_JF683338;size=1;	100.00	271	0	0	1	271	1	271	7e-155	 537
denovo155	F4.7_AM748587;size=1;	100.00	13	0	0	289	301	271	283	0.66	26.3
denovo156	B10_AF499787;size=1;	100.00	12	0	0	84	95	95	84	2.7	24.3
denovo157	B14_AY239362;size=1;	100.00	12	0	0	43	54	96	85	2.3	24.3
denovo158	A4_AF333509;size=1;	90.95	243	8	2	10	238	13	255	4e-88	 315
denovo159	A4_AF333509;size=1;	99.61	255	1	0	1	255	1	255	6e-143	 498
denovo16	B5_AF499781;size=1;	93.29	283	2	4	4	270	4	285	7e-115	 404
denovo160	A4_AF333509;size=1;	99.22	255	2	0	1	255	1	255	1e-140	 490
denovo161	B33_GU907648;size=1;	85.61	285	8	5	1	254	1	283	4e-70	 256
denovo162	C31_AY258496;size=1;	99.29	280	2	0	1	280	1	280	2e-155	 539
denovo163	B19_DQ865212;size=2;	92.33	287	5	2	1	274	1	283	4e-116	 408
denovo164	B33_GU907648;size=1;	87.50	280	3	4	5	253	5	283	7e-84	 301
denovo165	C1027_DQ335360;size=1;	99.29	280	2	0	4	283	4	283	2e-155	 539
denovo166	A4_AF333509;size=1;	99.61	255	1	0	1	255	1	255	6e-143	 498
denovo167	B2_AF333512;size=2;	90.46	283	3	2	3	263	3	283	6e-106	 375
denovo168	B19_DQ865212;size=2;	90.60	234	1	3	25	241	54	283	6e-84	 301
denovo169	B19_DQ865212;size=2;	100.00	12	0	0	86	97	95	84	2.5	24.3
denovo17	C1144_DQ182637;size=1;	100.00	278	0	0	1	278	1	278	5e-159	 551
denovo170	F4.7_AM748587;size=1;	100.00	13	0	0	290	302	271	283	0.66	26.3
denovo171	B121_EU074870;size=1;	100.00	12	0	0	84	95	95	84	2.7	24.3
denovo172	B1.I_Green2014;size=4;	96.83	284	9	0	4	287	4	287	4e-141	 492
denovo173	A4_AF333509;size=1;	99.61	255	1	0	1	255	1	255	6e-143	 498
denovo174	A4_AF333509;size=1;	92.94	255	7	1	1	244	1	255	5e-106	 375
denovo175	C1190_EU099841;size=1;	95.05	283	14	0	1	283	1	283	1e-128	 450
denovo176	C32.2_JF683336;size=2;	99.64	276	1	0	1	276	1	276	2e-155	 539
denovo177	C1089_AJ278598;size=1;	96.43	280	9	1	4	282	4	283	6e-134	 468
denovo178	G3.2_KC597694;size=1;	98.52	270	4	0	1	270	1	270	1e-144	 504
denovo179	F4.1_AM748572;size=1;	90.62	32	3	0	279	310	250	281	5e-05	40.1
denovo18	G3.2_KC597694;size=1;	100.00	14	0	0	174	187	248	235	0.17	28.2
denovo180	B1.I_Green2014;size=4;	99.65	287	1	0	1	287	1	287	5e-162	 561
denovo181	A12_EU792883;size=1;	85.19	54	8	0	13	66	13	66	3e-06	44.1
denovo182	B34_GU907649;size=1;	96.86	287	9	0	1	287	1	287	6e-143	 498
denovo183	B34_GU907649;size=1;	96.48	284	8	1	6	289	6	287	6e-137	 478
denovo184	A4_AF333509;size=1;	96.08	255	9	1	1	254	1	255	4e-119	 418
denovo185	D1a_JN558078;size=2;	99.63	271	1	0	1	271	1	271	2e-152	 529
denovo186	B1.I_Green2014;size=4;	99.65	287	1	0	1	287	1	287	5e-162	 561
denovo187	C3_AB778606;size=2;	98.61	287	0	1	1	287	1	283	3e-154	 535
denovo188	B19_DQ865212;size=2;	100.00	12	0	0	88	99	95	84	2.5	24.3
denovo189	B2_AF333512;size=2;	90.46	283	3	2	3	263	3	283	6e-106	 375
denovo19	B1.I_Green2014;size=4;	99.65	284	1	0	4	287	4	287	3e-160	 555
denovo190	B1.VII_Green2014;size=1;	97.46	276	2	1	1	271	1	276	4e-141	 492
denovo191	B2_AF333512;size=2;	88.38	284	9	3	1	261	1	283	3e-89	 319
denovo192	B19_DQ865212;size=2;	100.00	283	0	0	1	283	1	283	5e-162	 561
denovo193	C45a_AY765404;size=1;	99.29	283	2	0	1	283	1	283	3e-157	 545
denovo194	B119_EU099825;size=1;	91.67	276	5	6	5	264	5	278	8e-96	 341
denovo195	D1a.1_JF683338;size=1;	100.00	269	0	0	3	271	3	271	1e-153	 533
denovo196	B1d_GU907633;size=1;	100.00	12	0	0	87	98	95	84	2.7	24.3
denovo197	B1d_GU907633;size=1;	100.00	12	0	0	46	57	95	84	2.3	24.3
denovo198	B1d_GU907633;size=1;	97.27	256	4	1	4	256	30	285	5e-128	 448
denovo199	B1d_GU907633;size=1;	95.86	290	6	2	1	287	1	287	4e-135	 472
denovo2	C1c/C45_AY239364;size=2;	100.00	283	0	0	1	283	1	283	5e-162	 561
denovo20	F4.7_AM748587;size=1;	100.00	13	0	0	289	301	271	283	0.66	26.3
denovo200	F4.7_AM748587;size=1;	100.00	13	0	0	289	301	271	283	0.66	26.3
denovo201	B1.III_Green2014;size=1;	98.65	74	1	0	177	250	201	274	6e-35	 139
denovo202	B14_AY239362;size=1;	98.85	261	3	0	27	287	28	288	1e-141	 494
denovo203	C46_EU449108;size=1;	98.55	276	4	0	1	276	1	276	3e-148	 515
denovo204	B1.I_Green2014;size=4;	100.00	12	0	0	84	95	95	84	2.7	24.3
denovo205	A4_AF333509;size=1;	99.61	255	1	0	1	255	1	255	6e-143	 498
denovo206	C3.12_FJ461507;size=1;	97.87	282	6	0	2	283	2	283	4e-147	 511
denovo207	A4_AF333509;size=1;	100.00	255	0	0	1	255	1	255	2e-145	 505
denovo208	C22_AY239373;size=1;	93.17	278	0	1	1	259	1	278	4e-122	 428
denovo209	C44_AY589750;size=1;	98.94	283	3	0	1	283	1	283	7e-155	 537
denovo21	C1c/C45_AY239364;size=2;	98.94	282	3	0	2	283	2	283	3e-154	 535
denovo210	C17.2_FJ461513;size=1;	99.28	278	2	0	1	278	1	278	3e-154	 535
denovo211	B19_DQ865212;size=2;	98.75	240	3	0	46	285	44	283	3e-129	 452
denovo212	B1d_GU907633;size=1;	100.00	12	0	0	84	95	95	84	2.6	24.3
denovo213	B1.I_Green2014;size=4;	99.30	286	2	0	2	287	2	287	5e-159	 551
denovo214	B19_DQ865212;size=2;	100.00	12	0	0	84	95	95	84	2.6	24.3
denovo215	F4.7_AM748587;size=1;	100.00	13	0	0	290	302	271	283	0.66	26.3
denovo216	B19_DQ865212;size=2;	96.11	283	11	0	1	283	1	283	9e-136	 474
denovo217	C3.12_FJ461507;size=1;	97.17	283	8	0	1	283	1	283	6e-143	 498
denovo218	C1c/C45_AY239364;size=2;	96.82	283	9	0	1	283	1	283	2e-140	 490
denovo219	C1c/C45_AY239364;size=2;	97.88	283	6	0	1	283	1	283	1e-147	 513
denovo22	C45a_AY765404;size=1;	99.65	283	1	0	1	283	1	283	1e-159	 553
denovo220	C46_EU449108;size=1;	100.00	280	0	0	4	283	4	283	3e-160	 555
denovo221	C42_AY765402;size=1;	100.00	217	0	0	67	283	67	283	1e-122	 430
denovo222	C42_AY765402;size=1;	99.56	227	1	0	57	283	57	283	3e-126	 442
denovo223	C44_AY589750;size=1;	99.15	235	2	0	49	283	49	283	1e-128	 450
denovo224	B19_DQ865212;size=2;	100.00	18	0	0	1	18	1	18	6e-04	36.2
denovo225	A1_AF333505;size=1;	87.10	248	28	2	15	262	12	255	3e-61	 226
denovo226	A4_AF333509;size=1;	95.08	244	12	0	15	258	12	255	4e-110	 389
denovo227	B16_AY258469;size=1;	100.00	12	0	0	84	95	95	84	2.7	24.3
denovo228	C44_AY589750;size=1;	97.53	283	7	0	1	283	1	283	3e-145	 505
denovo229	C44_AY589750;size=1;	100.00	266	0	0	35	300	18	283	7e-152	 527
denovo23	C15_AY239369;size=1;	100.00	278	0	0	1	278	1	278	5e-159	 551
denovo230	G3.1_KC597688;size=1;	100.00	130	0	0	113	242	158	287	9e-71	 258
denovo231	G3.3_LK392377;size=1;	94.39	285	1	2	3	272	3	287	5e-128	 448
denovo232	G3.2_KC597694;size=1;	100.00	14	0	0	174	187	248	235	0.17	28.2
denovo233	B1.I_Green2014;size=4;	100.00	12	0	0	84	95	95	84	2.7	24.3
denovo234	B14_AY239362;size=1;	100.00	261	0	0	27	287	28	288	7e-149	 517
denovo235	C45a_AY765404;size=1;	100.00	283	0	0	1	283	1	283	5e-162	 561
denovo236	B124_EU074874;size=1;	100.00	12	0	0	84	95	95	84	2.6	24.3
denovo237	B19_DQ865212;size=2;	100.00	12	0	0	84	95	95	84	2.6	24.3
denovo238	B19_DQ865212;size=2;	94.35	283	2	2	1	269	1	283	3e-126	 442
denovo239	B1.I_Green2014;size=4;	97.91	287	3	1	4	290	4	287	7e-149	 517
denovo24	D120_EU074900;size=1;	98.38	247	4	0	24	270	25	271	5e-131	 458
denovo240	B19_DQ865212;size=2;	96.47	283	10	0	1	283	1	283	4e-138	 482
denovo241	C1k_AY589733;size=1;	98.94	283	3	0	1	283	1	283	7e-155	 537
denovo242	C3.11_FJ461506;size=1;	100.00	49	0	0	1	49	1	49	2e-22	97.6
denovo243	B1.I_Green2014;size=4;	97.21	287	5	1	2	288	2	285	4e-144	 502
denovo244	C3.12_FJ461507;size=1;	97.19	285	6	1	1	285	1	283	2e-142	 496
denovo245	B1.I_Green2014;size=4;	97.59	290	4	1	1	290	1	287	3e-148	 515
denovo246	F4.7_AM748587;size=1;	100.00	13	0	0	289	301	271	283	0.66	26.3
denovo247	D1_AF334660;size=2;	97.42	271	7	0	1	271	1	271	4e-138	 482
denovo248	F4.7_AM748587;size=1;	100.00	13	0	0	290	302	271	283	0.66	26.3
denovo249	D1_AF334660;size=2;	100.00	271	0	0	1	271	1	271	7e-155	 537
denovo25	G3.2_KC597694;size=1;	96.67	270	9	0	1	270	1	270	9e-133	 464
denovo250	F4.7_AM748587;size=1;	100.00	13	0	0	290	302	271	283	0.66	26.3
denovo251	A147_EU074937;size=1;	88.37	43	5	0	24	66	24	66	7e-07	46.1
denovo252	D1a_JN558078;size=2;	97.37	266	7	0	6	271	6	271	4e-135	 472
denovo253	C42_AY765402;size=1;	99.20	251	2	0	33	283	33	283	4e-138	 482
denovo254	B1d_GU907633;size=1;	97.88	283	5	1	9	290	5	287	3e-145	 505
denovo255	C44_AY589750;size=1;	97.87	282	6	0	2	283	2	283	4e-147	 511
denovo256	A4_AF333509;size=1;	96.47	255	8	1	1	254	1	255	2e-121	 426
denovo257	C1c/C45_AY239364;size=2;	100.00	283	0	0	1	283	1	283	5e-162	 561
denovo258	B18a_AY258472;size=1;	96.80	281	9	0	3	283	3	283	2e-139	 486
denovo259	B18a_AY258472;size=1;	100.00	12	0	0	84	95	95	84	2.6	24.3
denovo26	B1.III_Green2014;size=1;	98.48	132	2	0	9	140	5	136	3e-67	 246
denovo260	B19_DQ865212;size=2;	95.76	283	12	0	1	283	1	283	2e-133	 466
denovo261	B1.I_Green2014;size=4;	97.89	285	6	0	3	287	3	287	7e-149	 517
denovo262	B1.I_Green2014;size=4;	100.00	12	0	0	84	95	95	84	2.7	24.3
denovo263	B19_DQ865212;size=2;	99.29	283	2	0	1	283	1	283	3e-157	 545
denovo264	C7_AF499797;size=1;	99.65	283	1	0	1	283	1	283	1e-159	 553
denovo265	B1.I_Green2014;size=4;	100.00	12	0	0	84	95	95	84	2.7	24.3
denovo266	B1.I_Green2014;size=4;	100.00	12	0	0	84	95	95	84	2.7	24.3
denovo267	B5_AF499781;size=1;	96.17	287	11	0	1	287	1	287	4e-138	 482
denovo268	B5_AF499781;size=1;	100.00	12	0	0	84	95	95	84	2.7	24.3
denovo269	B1.I_Green2014;size=4;	100.00	12	0	0	84	95	95	84	2.7	24.3
denovo27	C1_JN558041;size=3;	100.00	283	0	0	1	283	1	283	5e-162	 561
denovo270	C20_AY239371;size=1;	100.00	39	0	0	1	39	1	39	2e-16	77.8
denovo271	C46_EU449108;size=1;	96.47	283	10	0	1	283	1	283	4e-138	 482
denovo28	A4_AF333509;size=1;	92.55	255	8	1	1	244	1	255	1e-103	 367
denovo29	B1.III_Green2014;size=1;	99.26	136	1	0	1	136	1	136	5e-72	 262
denovo3	C1_JN558041;size=3;	97.88	283	6	0	1	283	1	283	1e-147	 513
denovo30	C7_AF499797;size=1;	100.00	283	0	0	1	283	1	283	5e-162	 561
denovo31	B1d_GU907633;size=1;	100.00	286	0	0	2	287	2	287	8e-164	 567
denovo32	A4a_AF499778;size=2;	93.33	255	6	1	1	244	1	255	2e-108	 383
denovo33	B1.I_Green2014;size=4;	100.00	285	0	0	1	285	1	285	3e-163	 565
denovo34	B34_GU907649;size=1;	100.00	12	0	0	84	95	95	84	2.7	24.3
denovo35	B34_GU907649;size=1;	99.30	287	1	1	1	286	1	287	3e-157	 545
denovo36	A4_AF333509;size=1;	99.61	255	1	0	1	255	1	255	6e-143	 498
denovo37	B125_EU074865;size=1;	100.00	12	0	0	84	95	95	84	2.5	24.3
denovo38	B1d_GU907633;size=1;	97.53	283	6	1	9	290	5	287	6e-143	 498
denovo39	C17.2_FJ461513;size=1;	98.92	278	3	0	1	278	1	278	7e-152	 527
denovo4	C45a_AY765404;size=1;	100.00	32	0	0	1	32	1	32	3e-12	63.9
denovo40	C45a_AY765404;size=1;	99.65	283	1	0	1	283	1	283	1e-159	 553
denovo41	B1.III_Green2014;size=1;	98.65	74	1	0	173	246	201	274	6e-35	 139
denovo42	C31_AY258496;size=1;	100.00	280	0	0	1	280	1	280	3e-160	 555
denovo43	C1c/C45_AY239364;size=2;	99.65	283	1	0	1	283	1	283	1e-159	 553
denovo44	C3_AB778606;size=2;	99.65	283	1	0	1	283	1	283	1e-159	 553
denovo45	D1a_JN558078;size=2;	99.26	271	2	0	1	271	1	271	4e-150	 521
denovo46	B1.I_Green2014;size=4;	97.91	287	6	0	1	287	1	287	4e-150	 521
denovo47	B34_GU907649;size=1;	100.00	12	0	0	84	95	95	84	2.7	24.3
denovo48	B1.I_Green2014;size=4;	96.86	287	9	0	1	287	1	287	6e-143	 498
denovo49	C1028_DQ335357;size=1;	98.59	283	3	1	1	282	1	283	4e-150	 521
denovo5	C1c/C45_AY239364;size=2;	95.76	283	12	0	1	283	1	283	2e-133	 466
denovo50	D2_AY686649;size=1;	100.00	12	0	0	77	88	88	77	2.5	24.3
denovo51	F4.1_AM748572;size=1;	100.00	18	0	0	272	289	264	281	7e-04	36.2
denovo52	C3_AB778606;size=2;	98.23	283	3	1	3	285	3	283	3e-148	 515
denovo53	C44_AY589750;size=1;	99.29	280	2	0	4	283	4	283	2e-155	 539
denovo54	C1c/C45_AY239364;size=2;	96.11	283	11	0	1	283	1	283	9e-136	 474
denovo55	C1002_DQ838544;size=1;	99.29	283	2	0	1	283	1	283	3e-157	 545
denovo56	C46_EU449108;size=1;	99.29	283	2	0	1	283	1	283	3e-157	 545
denovo57	B1.I_Green2014;size=4;	98.95	287	2	1	1	286	1	287	7e-155	 537
denovo58	C42_AY765402;size=1;	98.36	244	4	0	40	283	40	283	3e-129	 452
denovo59	C3.12_FJ461507;size=1;	100.00	283	0	0	1	283	1	283	5e-162	 561
denovo6	C3_AB778606;size=2;	100.00	280	0	0	4	283	4	283	3e-160	 555
denovo60	C46_EU449108;size=1;	99.65	283	1	0	1	283	1	283	1e-159	 553
denovo61	B1.I_Green2014;size=4;	99.65	284	1	0	4	287	4	287	3e-160	 555
denovo62	B34_GU907649;size=1;	96.86	287	9	0	1	287	1	287	6e-143	 498
denovo63	B1.I_Green2014;size=4;	98.28	290	2	1	1	290	1	287	5e-153	 531
denovo64	B19_DQ865212;size=2;	100.00	12	0	0	84	95	95	84	2.6	24.3
denovo65	G3.3_LK392377;size=1;	95.82	287	7	1	1	282	1	287	9e-136	 474
denovo66	A4_AF333509;size=1;	91.36	243	7	2	10	238	13	255	2e-90	 323
denovo67	B1.I_Green2014;size=4;	96.86	287	9	0	1	287	1	287	6e-143	 498
denovo68	B34_GU907649;size=1;	95.49	288	11	2	1	287	1	287	3e-129	 452
denovo69	C15.26_KC597686;size=1;	99.65	283	1	0	1	283	1	283	1e-159	 553
denovo7	C45a_AY765404;size=1;	96.47	283	10	0	1	283	1	283	4e-138	 482
denovo70	A4_AF333509;size=1;	96.47	255	8	1	1	254	1	255	2e-121	 426
denovo71	F4.7_AM748587;size=1;	100.00	13	0	0	289	301	271	283	0.66	26.3
denovo72	B1.I_Green2014;size=4;	99.31	288	1	1	1	288	1	287	8e-158	 547
denovo73	A4_AF333509;size=1;	100.00	255	0	0	1	255	1	255	2e-145	 505
denovo74	C46_EU449108;size=1;	100.00	283	0	0	1	283	1	283	5e-162	 561
denovo75	C1027_DQ335360;size=1;	97.53	283	7	0	1	283	1	283	3e-145	 505
denovo76	A4_AF333509;size=1;	96.47	255	8	1	1	254	1	255	2e-121	 426
denovo77	C3.12_FJ461507;size=1;	97.53	283	7	0	1	283	1	283	3e-145	 505
denovo78	B1.I_Green2014;size=4;	96.17	287	11	0	1	287	1	287	4e-138	 482
denovo79	B24_GU907643;size=1;	100.00	12	0	0	55	66	66	55	2.4	24.3
denovo8	B1j_GU907637;size=1;	96.86	287	9	0	1	287	1	287	6e-143	 498
denovo80	B1.III_Green2014;size=1;	100.00	12	0	0	88	99	95	84	2.2	24.3
denovo81	B123_EU074872;size=1;	99.06	212	2	0	1	212	1	212	6e-115	 404
denovo82	B123_EU074872;size=1;	99.06	212	2	0	1	212	1	212	7e-115	 404
denovo83	B1.VI_Green2014;size=1;	100.00	12	0	0	64	75	86	75	2.6	24.3
denovo84	B123_EU074872;size=1;	99.53	212	1	0	14	225	1	212	3e-117	 412
denovo85	B1.VI_Green2014;size=1;	95.34	279	1	2	13	279	1	279	8e-130	 454
denovo86	B2_AF333512;size=2;	89.20	287	5	2	1	265	1	283	5e-100	 355
denovo87	F4.7_AM748587;size=1;	100.00	13	0	0	290	302	271	283	0.66	26.3
denovo88	C1065_DQ335388;size=1;	97.14	280	8	0	4	283	4	283	4e-141	 492
denovo89	B119_EU099825;size=1;	91.79	280	6	5	1	265	1	278	1e-100	 357
denovo9	C1227_EU074882;size=1;	95.41	283	13	0	1	283	1	283	5e-131	 458
denovo90	B19_DQ865212;size=2;	100.00	18	0	0	12	29	1	18	7e-04	36.2
denovo91	C42_AY765402;size=1;	99.63	272	1	0	11	282	12	283	4e-153	 531
denovo92	F4.7_AM748587;size=1;	100.00	13	0	0	289	301	271	283	0.66	26.3
denovo93	C3_AB778606;size=2;	99.65	283	1	0	1	283	1	283	1e-159	 553
denovo94	B1e_GU907634;size=1;	100.00	12	0	0	84	95	95	84	2.6	24.3
denovo95	C46_EU449108;size=1;	96.82	283	9	0	1	283	1	283	2e-140	 490
denovo96	B1.I_Green2014;size=4;	99.30	287	1	1	1	286	1	287	3e-157	 545
denovo97	C1182_AB294649;size=1;	99.12	226	2	0	58	283	58	283	3e-123	 432
denovo98	F4.7_AM748587;size=1;	100.00	13	0	0	290	302	271	283	0.66	26.3
denovo99	C15.22_KC597695;size=1;	100.00	20	0	0	1	20	1	20	4e-05	40.1
