denovo0	B1_AF333511	97.21	287	8	0	1	287	1	287	3e-145	 505
denovo0	B1_AF333511	100.00	12	0	0	84	95	95	84	2.8	24.3
denovo1	C3_AF499789	97.88	283	6	0	1	283	1	283	1e-147	 513
denovo10	C44_AY589750	99.59	245	1	0	39	283	39	283	6e-137	 478
denovo100	C45a_AY765404	95.05	283	14	0	1	283	1	283	1e-128	 450
denovo101	B1_AF333511	95.85	289	10	1	1	289	1	287	4e-135	 472
denovo101	B1_AF333511	100.00	12	0	0	86	97	95	84	2.8	24.3
denovo102	A4_AF333509	93.85	244	15	0	15	258	12	255	6e-103	 365
denovo103	B1_AF333511	98.95	287	2	1	1	286	1	287	8e-155	 537
denovo103	B1_AF333511	100.00	12	0	0	84	95	95	84	2.8	24.3
denovo104	C3_AF499789	96.79	280	9	0	1	280	1	280	1e-138	 484
denovo105	I2_FN561560	100.00	13	0	0	289	301	294	306	0.69	26.3
denovo106	B19_GU907641	100.00	239	0	0	23	261	45	283	9e-136	 474
denovo106	B19_GU907641	100.00	18	0	0	1	18	1	18	7e-04	36.2
denovo106	B19_GU907641	100.00	12	0	0	17	28	40	29	2.5	24.3
denovo106	B19_GU907641	100.00	12	0	0	62	73	95	84	2.5	24.3
denovo107	B1_AF333511	97.91	287	3	1	4	290	4	287	7e-149	 517
denovo107	B1_AF333511	100.00	12	0	0	87	98	95	84	2.8	24.3
denovo108	B1_AF333511	97.51	281	6	1	11	290	7	287	1e-141	 494
denovo108	B1_AF333511	100.00	12	0	0	88	99	95	84	2.8	24.3
denovo109	B1_AF333511	100.00	250	0	0	1	250	1	250	3e-142	 496
denovo109	B1_AF333511	100.00	12	0	0	84	95	95	84	2.8	24.3
denovo11	B19_GU907641	98.25	286	1	2	1	285	1	283	3e-148	 515
denovo11	B19_GU907641	100.00	12	0	0	83	94	95	84	2.8	24.3
denovo110	B1_AF333511	95.52	290	6	2	1	286	1	287	2e-133	 466
denovo111	B19_GU907641	97.42	233	3	1	31	263	54	283	1e-116	 410
denovo111	B19_GU907641	100.00	33	0	0	1	33	1	33	7e-13	65.9
denovo111	B19_GU907641	100.00	12	0	0	61	72	95	84	2.6	24.3
denovo112	B19_GU907641	91.64	287	2	4	1	269	1	283	3e-108	 383
denovo112	B19_GU907641	100.00	12	0	0	83	94	95	84	2.6	24.3
denovo113	A4_AF333509	99.61	255	1	0	1	255	1	255	6e-143	 498
denovo114	A4_AF333509	98.04	255	5	0	1	255	1	255	2e-133	 466
denovo115	C3.16_EU786015	96.47	283	10	0	1	283	1	283	4e-138	 482
denovo116	B1_AF333511	96.86	287	9	0	1	287	1	287	7e-143	 498
denovo116	B1_AF333511	100.00	12	0	0	84	95	95	84	2.8	24.3
denovo117	B19_GU907641	91.29	287	3	4	1	269	1	283	6e-106	 375
denovo117	B19_GU907641	100.00	12	0	0	83	94	95	84	2.6	24.3
denovo118	B19_GU907641	99.58	239	1	0	23	261	45	283	2e-133	 466
denovo118	B19_GU907641	100.00	18	0	0	1	18	1	18	7e-04	36.2
denovo118	B19_GU907641	100.00	12	0	0	17	28	40	29	2.5	24.3
denovo118	B19_GU907641	100.00	12	0	0	62	73	95	84	2.5	24.3
denovo119	B1_AF333511	95.83	288	11	1	1	288	1	287	6e-134	 468
denovo119	B1_AF333511	100.00	12	0	0	85	96	95	84	2.8	24.3
denovo12	B1_AF333511	96.83	284	9	0	4	287	4	287	4e-141	 492
denovo12	B1_AF333511	100.00	12	0	0	84	95	95	84	2.8	24.3
denovo120	F4.6_AM748586	100.00	14	0	0	277	290	268	281	0.17	28.2
denovo121	D1a_AF499802	100.00	271	0	0	1	271	1	271	7e-155	 537
denovo122	C31.1_HQ630876	100.00	280	0	0	1	280	1	280	3e-160	 555
denovo123	B7_AF499784	99.65	287	1	0	1	287	1	287	5e-162	 561
denovo123	B7_AF499784	100.00	12	0	0	84	95	95	84	2.8	24.3
denovo124	C66_AY589771	99.29	281	1	1	4	283	4	284	1e-153	 533
denovo125	B1.IV_Green2014	99.26	136	1	0	1	136	1	136	6e-72	 262
denovo125	B1.IV_Green2014	99.01	101	1	0	137	237	197	297	4e-51	 192
denovo125	B1.IV_Green2014	100.00	12	0	0	84	95	95	84	2.3	24.3
denovo126	C31_AY258496	100.00	280	0	0	1	280	1	280	3e-160	 555
denovo127	C44_AY589750	99.56	227	1	0	57	283	57	283	3e-126	 442
denovo127	C44_AY589750	100.00	21	0	0	1	21	1	21	1e-05	42.1
denovo127	C44_AY589750	100.00	12	0	0	83	94	240	229	2.7	24.3
denovo128	B2_JN558060	90.81	283	4	1	1	261	1	283	4e-110	 389
denovo129	C1c/C45_EU449103	97.53	283	7	0	1	283	1	283	3e-145	 505
denovo13	B1_AF333511	96.86	287	9	0	1	287	1	287	7e-143	 498
denovo13	B1_AF333511	100.00	12	0	0	84	95	95	84	2.8	24.3
denovo130	B1_AF333511	97.56	287	7	0	1	287	1	287	1e-147	 513
denovo130	B1_AF333511	100.00	12	0	0	84	95	95	84	2.8	24.3
denovo131	B19_GU907641	96.11	283	11	0	1	283	1	283	9e-136	 474
denovo131	B19_GU907641	100.00	12	0	0	84	95	95	84	2.7	24.3
denovo132	I2_FN561560	100.00	13	0	0	289	301	294	306	0.69	26.3
denovo133	B1_AF333511	96.18	288	10	1	1	288	1	287	2e-136	 476
denovo133	B1_AF333511	100.00	12	0	0	84	95	95	84	2.8	24.3
denovo134	C45a_AY765404	99.20	249	2	0	1	249	1	249	6e-137	 478
denovo135	B1_AF333511	99.65	287	1	0	1	287	1	287	5e-162	 561
denovo135	B1_AF333511	100.00	12	0	0	84	95	95	84	2.8	24.3
denovo136	C44_AY589750	95.41	283	13	0	1	283	1	283	6e-131	 458
denovo137	C44_AY589750	96.47	283	10	0	1	283	1	283	4e-138	 482
denovo138	C3_AF499789	100.00	283	0	0	1	283	1	283	5e-162	 561
denovo139	B1_AF333511	97.80	273	6	0	15	287	15	287	1e-141	 494
denovo139	B1_AF333511	100.00	12	0	0	84	95	95	84	2.8	24.3
denovo14	C15.28_KC597687	97.84	278	6	0	6	283	6	283	1e-144	 504
denovo140	B19_GU907641	96.11	283	11	0	1	283	1	283	9e-136	 474
denovo141	G3.2_KC597694	100.00	270	0	0	1	270	1	270	3e-154	 535
denovo142	A4_AF333509	96.47	255	8	1	1	254	1	255	2e-121	 426
denovo143	C31.9_HQ630879	100.00	279	0	0	1	279	1	279	1e-159	 553
denovo144	C31_AY258496	99.29	280	2	0	1	280	1	280	2e-155	 539
denovo145	A13_JN558094	83.78	74	9	2	13	83	13	86	2e-04	38.2
denovo146	C1c/C45_EU449103	99.65	283	1	0	1	283	1	283	1e-159	 553
denovo147	B1d_GU907633	100.00	287	0	0	1	287	1	287	2e-164	 569
denovo147	B1d_GU907633	100.00	12	0	0	84	95	95	84	2.8	24.3
denovo148	B1d_GU907633	97.25	255	4	1	3	254	3	257	2e-127	 446
denovo148	B1d_GU907633	100.00	12	0	0	84	95	95	84	2.8	24.3
denovo149	B1d_GU907633	94.72	284	12	1	3	283	3	286	1e-125	 440
denovo149	B1d_GU907633	100.00	12	0	0	84	95	95	84	2.8	24.3
denovo15	B31_GU907645	92.28	285	4	2	5	272	4	287	2e-115	 406
denovo15	B31_GU907645	100.00	12	0	0	85	96	95	84	2.6	24.3
denovo150	B2_JN558060	93.99	283	4	3	1	270	1	283	3e-120	 422
denovo150	B2_JN558060	100.00	12	0	0	83	94	95	84	2.6	24.3
denovo151	B125_EU074865	98.89	271	3	0	1	271	1	271	1e-147	 513
denovo151	B125_EU074865	100.00	12	0	0	84	95	95	84	2.8	24.3
denovo152	C3_AF499789	98.94	283	1	1	1	281	1	283	5e-153	 531
denovo153	B19_GU907641	98.26	287	1	1	1	287	1	283	7e-152	 527
denovo153	B19_GU907641	100.00	12	0	0	88	99	95	84	2.8	24.3
denovo154	D1a.1_JF683338	100.00	271	0	0	1	271	1	271	7e-155	 537
denovo155	I2_FN561560	100.00	13	0	0	289	301	294	306	0.69	26.3
denovo156	B10_AF499787	100.00	287	0	0	1	287	1	287	2e-164	 569
denovo156	B10_AF499787	100.00	12	0	0	84	95	95	84	2.8	24.3
denovo157	B1_AF333511	98.76	242	3	0	5	246	46	287	2e-130	 456
denovo157	B1_AF333511	100.00	12	0	0	43	54	95	84	2.4	24.3
denovo158	A4_AF333509	90.95	243	8	2	10	238	13	255	4e-88	 315
denovo159	A4_AF333509	99.61	255	1	0	1	255	1	255	6e-143	 498
denovo16	B1_AF333511	93.29	283	2	4	4	270	4	285	7e-115	 404
denovo16	B1_AF333511	100.00	12	0	0	84	95	95	84	2.6	24.3
denovo160	A4_AF333509	99.22	255	2	0	1	255	1	255	1e-140	 490
denovo161	B19_GU907641	85.61	285	8	5	1	254	1	283	4e-70	 256
denovo162	C31_AY258496	99.29	280	2	0	1	280	1	280	2e-155	 539
denovo163	B19_GU907641	92.33	287	5	2	1	274	1	283	5e-116	 408
denovo164	B19_GU907641	87.50	280	3	4	5	253	5	283	7e-84	 301
denovo165	C3_AF499789	99.29	280	2	0	4	283	4	283	2e-155	 539
denovo166	A4_AF333509	99.61	255	1	0	1	255	1	255	6e-143	 498
denovo167	B2_JN558060	90.46	283	3	2	3	263	3	283	6e-106	 375
denovo168	B19_GU907641	90.60	234	1	3	25	241	54	283	7e-84	 301
denovo168	B19_GU907641	100.00	25	0	0	1	25	1	25	4e-08	50.1
denovo168	B19_GU907641	100.00	12	0	0	55	66	95	84	2.3	24.3
denovo169	B19_GU907641	91.29	287	2	4	3	272	3	283	2e-106	 377
denovo169	B19_GU907641	100.00	12	0	0	86	97	95	84	2.6	24.3
denovo17	C1144_DQ182637	100.00	278	0	0	1	278	1	278	5e-159	 551
denovo170	I2_FN561560	100.00	13	0	0	290	302	294	306	0.69	26.3
denovo171	B121_EU074870	97.18	284	8	0	4	287	4	287	2e-143	 500
denovo171	B121_EU074870	100.00	12	0	0	84	95	95	84	2.8	24.3
denovo172	B1_AF333511	96.83	284	9	0	4	287	4	287	4e-141	 492
denovo172	B1_AF333511	100.00	12	0	0	84	95	95	84	2.8	24.3
denovo173	A4_AF333509	99.61	255	1	0	1	255	1	255	6e-143	 498
denovo174	A4_AF333509	92.94	255	7	1	1	244	1	255	6e-106	 375
denovo175	C1089_AJ278598	95.05	283	14	0	1	283	1	283	1e-128	 450
denovo176	C21.23_KC597693	99.64	276	1	0	1	276	1	276	2e-155	 539
denovo177	C1089_AJ278598	96.43	280	9	1	4	282	4	283	6e-134	 468
denovo178	G3.2_KC597694	98.52	270	4	0	1	270	1	270	1e-144	 504
denovo179	F3.2a_AM748568	90.62	32	3	0	279	310	268	299	5e-05	40.1
denovo18	G3.2_KC597694	100.00	14	0	0	174	187	248	235	0.17	28.2
denovo180	B1_AF333511	99.65	287	1	0	1	287	1	287	5e-162	 561
denovo180	B1_AF333511	100.00	12	0	0	84	95	95	84	2.8	24.3
denovo181	A128_EF656430	85.19	54	8	0	13	66	13	66	3e-06	44.1
denovo182	B1_AF333511	96.86	287	9	0	1	287	1	287	7e-143	 498
denovo182	B1_AF333511	100.00	12	0	0	84	95	95	84	2.8	24.3
denovo183	B1_AF333511	96.48	284	8	1	6	289	6	287	6e-137	 478
denovo183	B1_AF333511	100.00	12	0	0	86	97	95	84	2.8	24.3
denovo184	A4_AF333509	96.08	255	9	1	1	254	1	255	4e-119	 418
denovo185	D1a_AF499802	99.63	271	1	0	1	271	1	271	2e-152	 529
denovo186	B1_AF333511	99.65	287	1	0	1	287	1	287	5e-162	 561
denovo186	B1_AF333511	100.00	12	0	0	84	95	95	84	2.8	24.3
denovo187	C3_AF499789	98.61	287	0	1	1	287	1	283	3e-154	 535
denovo188	B19_GU907641	91.26	286	3	3	3	271	3	283	3e-108	 383
denovo188	B19_GU907641	100.00	12	0	0	88	99	95	84	2.6	24.3
denovo189	B2_JN558060	90.46	283	3	2	3	263	3	283	6e-106	 375
denovo19	B1_AF333511	99.65	284	1	0	4	287	4	287	3e-160	 555
denovo19	B1_AF333511	100.00	12	0	0	84	95	95	84	2.8	24.3
denovo190	B1.VII_Green2014	97.46	276	2	1	1	271	1	276	4e-141	 492
denovo190	B1.VII_Green2014	100.00	12	0	0	68	79	84	73	2.6	24.3
denovo191	B2_JN558060	88.38	284	9	3	1	261	1	283	3e-89	 319
denovo192	B19_GU907641	100.00	283	0	0	1	283	1	283	5e-162	 561
denovo192	B19_GU907641	100.00	12	0	0	84	95	95	84	2.7	24.3
denovo193	C45a_AY765404	99.29	283	2	0	1	283	1	283	3e-157	 545
denovo194	B119_EU099825	91.67	276	5	6	5	264	5	278	8e-96	 341
denovo195	D1a.1_JF683338	100.00	269	0	0	3	271	3	271	1e-153	 533
denovo196	B1d_GU907633	95.85	289	6	2	2	287	2	287	1e-134	 470
denovo196	B1d_GU907633	100.00	12	0	0	87	98	95	84	2.8	24.3
denovo197	B1d_GU907633	98.37	245	1	1	5	249	46	287	1e-128	 450
denovo197	B1d_GU907633	100.00	12	0	0	46	57	95	84	2.4	24.3
denovo198	B1d_GU907633	97.27	256	4	1	4	256	30	285	5e-128	 448
denovo198	B1d_GU907633	100.00	12	0	0	58	69	95	84	2.5	24.3
denovo199	B1d_GU907633	95.86	290	6	2	1	287	1	287	4e-135	 472
denovo199	B1d_GU907633	100.00	12	0	0	87	98	95	84	2.8	24.3
denovo2	C1c/C45_EU449103	100.00	283	0	0	1	283	1	283	5e-162	 561
denovo20	I2_FN561560	100.00	13	0	0	289	301	294	306	0.69	26.3
denovo200	I2_FN561560	100.00	13	0	0	289	301	294	306	0.69	26.3
denovo201	B1.IV_Green2014	100.00	136	0	0	14	149	1	136	2e-74	 270
denovo201	B1.IV_Green2014	99.01	101	1	0	150	250	197	297	5e-51	 192
denovo201	B1.IV_Green2014	100.00	12	0	0	97	108	95	84	2.4	24.3
denovo202	B1_AF333511	98.85	261	3	0	27	287	27	287	1e-141	 494
denovo203	C46_EU449108	98.55	276	4	0	1	276	1	276	3e-148	 515
denovo204	B1_AF333511	100.00	287	0	0	1	287	1	287	2e-164	 569
denovo204	B1_AF333511	100.00	12	0	0	84	95	95	84	2.8	24.3
denovo205	A4_AF333509	99.61	255	1	0	1	255	1	255	6e-143	 498
denovo206	C3.12_FJ461507	97.87	282	6	0	2	283	2	283	4e-147	 511
denovo207	A4_AF333509	100.00	255	0	0	1	255	1	255	2e-145	 505
denovo208	C22_AY239373	93.17	278	0	1	1	259	1	278	5e-122	 428
denovo209	C44_AY589750	98.94	283	3	0	1	283	1	283	8e-155	 537
denovo21	C1c/C45_EU449103	98.94	282	3	0	2	283	2	283	3e-154	 535
denovo210	C17.2_FJ461513	99.28	278	2	0	1	278	1	278	3e-154	 535
denovo211	B19_GU907641	98.75	240	3	0	46	285	44	283	3e-129	 452
denovo211	B19_GU907641	100.00	14	0	0	3	16	3	16	0.18	28.2
denovo211	B19_GU907641	100.00	12	0	0	86	97	95	84	2.8	24.3
denovo212	B1d_GU907633	96.86	287	6	1	1	284	1	287	1e-141	 494
denovo212	B1d_GU907633	100.00	12	0	0	84	95	95	84	2.8	24.3
denovo213	B1_AF333511	99.30	286	2	0	2	287	2	287	5e-159	 551
denovo213	B1_AF333511	100.00	12	0	0	84	95	95	84	2.8	24.3
denovo214	B19_GU907641	99.65	283	1	0	1	283	1	283	1e-159	 553
denovo214	B19_GU907641	100.00	12	0	0	84	95	95	84	2.7	24.3
denovo215	I2_FN561560	100.00	13	0	0	290	302	294	306	0.69	26.3
denovo216	B19_GU907641	96.11	283	11	0	1	283	1	283	9e-136	 474
denovo216	B19_GU907641	100.00	12	0	0	84	95	95	84	2.7	24.3
denovo217	C3.12_FJ461507	97.17	283	8	0	1	283	1	283	6e-143	 498
denovo218	C1c/C45_EU449103	96.82	283	9	0	1	283	1	283	2e-140	 490
denovo219	C1c/C45_EU449103	97.88	283	6	0	1	283	1	283	1e-147	 513
denovo22	C45a_AY765404	99.65	283	1	0	1	283	1	283	1e-159	 553
denovo220	C46_EU449108	100.00	280	0	0	4	283	4	283	3e-160	 555
denovo221	C1c/C45_EU449103	100.00	217	0	0	67	283	67	283	1e-122	 430
denovo221	C1c/C45_EU449103	95.00	20	1	0	1	20	1	20	0.011	32.2
denovo222	C1c/C45_EU449103	99.56	227	1	0	57	283	57	283	3e-126	 442
denovo223	C44_AY589750	99.15	235	2	0	49	283	49	283	1e-128	 450
denovo224	B19_GU907641	97.93	242	2	1	23	264	45	283	2e-124	 436
denovo224	B19_GU907641	100.00	18	0	0	1	18	1	18	7e-04	36.2
denovo224	B19_GU907641	100.00	12	0	0	17	28	40	29	2.6	24.3
denovo224	B19_GU907641	100.00	12	0	0	62	73	95	84	2.6	24.3
denovo225	A1_AF333505	87.10	248	28	2	15	262	12	255	3e-61	 226
denovo226	A4_AF333509	95.08	244	12	0	15	258	12	255	4e-110	 389
denovo227	B16_AY258469	99.30	287	2	0	1	287	1	287	1e-159	 553
denovo227	B16_AY258469	100.00	12	0	0	84	95	95	84	2.8	24.3
denovo228	C44_AY589750	97.53	283	7	0	1	283	1	283	3e-145	 505
denovo229	C44_AY589750	100.00	266	0	0	35	300	18	283	8e-152	 527
denovo23	C15_AY239369	100.00	278	0	0	1	278	1	278	5e-159	 551
denovo230	G3.3_LK392377	100.00	130	0	0	113	242	158	287	9e-71	 258
denovo230	G3.3_LK392377	100.00	113	0	0	1	113	1	113	1e-60	 224
denovo231	G3.3_LK392377	94.39	285	1	2	3	272	3	287	5e-128	 448
denovo232	G3.2_KC597694	100.00	14	0	0	174	187	248	235	0.17	28.2
denovo233	B1_AF333511	100.00	284	0	0	4	287	4	287	1e-162	 563
denovo233	B1_AF333511	100.00	12	0	0	84	95	95	84	2.8	24.3
denovo234	B1_AF333511	100.00	261	0	0	27	287	27	287	7e-149	 517
denovo234	B1_AF333511	100.00	12	0	0	84	95	95	84	2.8	24.3
denovo235	C45a_AY765404	100.00	283	0	0	1	283	1	283	5e-162	 561
denovo236	B1_AF333511	97.64	254	6	0	1	254	1	254	2e-130	 456
denovo236	B1_AF333511	100.00	19	0	0	258	276	269	287	2e-04	38.2
denovo236	B1_AF333511	100.00	12	0	0	84	95	95	84	2.7	24.3
denovo237	B19_GU907641	99.65	283	1	0	1	283	1	283	1e-159	 553
denovo237	B19_GU907641	100.00	12	0	0	84	95	95	84	2.7	24.3
denovo238	B19_GU907641	94.35	283	2	2	1	269	1	283	3e-126	 442
denovo239	B1_AF333511	97.91	287	3	1	4	290	4	287	7e-149	 517
denovo239	B1_AF333511	100.00	12	0	0	87	98	95	84	2.8	24.3
denovo24	D1a_AF499802	98.38	247	4	0	24	270	25	271	6e-131	 458
denovo240	B19_GU907641	96.47	283	10	0	1	283	1	283	4e-138	 482
denovo240	B19_GU907641	100.00	12	0	0	84	95	95	84	2.7	24.3
denovo241	C1c/C45_EU449103	98.94	283	3	0	1	283	1	283	8e-155	 537
denovo242	C3_AF499789	99.05	210	2	0	49	258	74	283	1e-113	 400
denovo242	C3_AF499789	100.00	49	0	0	1	49	1	49	2e-22	97.6
denovo243	B1_AF333511	97.21	287	5	1	2	288	2	285	4e-144	 502
denovo243	B1_AF333511	100.00	12	0	0	87	98	95	84	2.8	24.3
denovo244	C3_AF499789	97.19	285	6	1	1	285	1	283	3e-142	 496
denovo245	B1_AF333511	97.59	290	4	1	1	290	1	287	3e-148	 515
denovo245	B1_AF333511	100.00	12	0	0	84	95	95	84	2.8	24.3
denovo246	I2_FN561560	100.00	13	0	0	289	301	294	306	0.69	26.3
denovo247	D1_JN558076	97.42	271	7	0	1	271	1	271	4e-138	 482
denovo248	I2_FN561560	100.00	13	0	0	290	302	294	306	0.69	26.3
denovo249	D1_JN558076	100.00	271	0	0	1	271	1	271	7e-155	 537
denovo25	G3.2_KC597694	96.67	270	9	0	1	270	1	270	9e-133	 464
denovo250	I2_FN561560	100.00	13	0	0	290	302	294	306	0.69	26.3
denovo251	A105_AB207202	88.37	43	5	0	24	66	24	66	8e-07	46.1
denovo252	D1a_AF499802	97.37	266	7	0	6	271	6	271	4e-135	 472
denovo253	C1c/C45_EU449103	99.20	251	2	0	33	283	33	283	4e-138	 482
denovo254	B1_AF333511	97.88	283	5	1	9	290	5	287	3e-145	 505
denovo254	B1_AF333511	100.00	12	0	0	88	99	95	84	2.8	24.3
denovo255	C44_AY589750	97.87	282	6	0	2	283	2	283	4e-147	 511
denovo256	A4_AF333509	96.47	255	8	1	1	254	1	255	2e-121	 426
denovo257	C1c/C45_EU449103	100.00	283	0	0	1	283	1	283	5e-162	 561
denovo258	B18a_AY258472	96.80	281	9	0	3	283	3	283	2e-139	 486
denovo259	B18a_AY258472	96.43	280	10	0	4	283	4	283	2e-136	 476
denovo259	B18a_AY258472	100.00	12	0	0	84	95	95	84	2.7	24.3
denovo26	B1.IV_Green2014	98.48	132	2	0	9	140	5	136	3e-67	 246
denovo26	B1.IV_Green2014	100.00	101	0	0	141	241	197	297	2e-53	 200
denovo26	B1.IV_Green2014	100.00	12	0	0	88	99	95	84	2.3	24.3
denovo260	B19_GU907641	95.76	283	12	0	1	283	1	283	2e-133	 466
denovo261	B1_AF333511	97.89	285	6	0	3	287	3	287	7e-149	 517
denovo261	B1_AF333511	100.00	12	0	0	84	95	95	84	2.8	24.3
denovo262	B1_AF333511	98.94	284	3	0	4	287	4	287	2e-155	 539
denovo262	B1_AF333511	100.00	12	0	0	84	95	95	84	2.8	24.3
denovo263	B19_GU907641	99.29	283	2	0	1	283	1	283	3e-157	 545
denovo263	B19_GU907641	100.00	12	0	0	84	95	95	84	2.7	24.3
denovo264	C7_AF499797	99.65	283	1	0	1	283	1	283	1e-159	 553
denovo265	B1_AF333511	97.20	286	8	0	2	287	2	287	1e-144	 504
denovo265	B1_AF333511	100.00	12	0	0	84	95	95	84	2.8	24.3
denovo266	B1_AF333511	99.30	287	2	0	1	287	1	287	1e-159	 553
denovo266	B1_AF333511	100.00	12	0	0	84	95	95	84	2.8	24.3
denovo267	B5_AF499781	96.17	287	11	0	1	287	1	287	4e-138	 482
denovo267	B5_AF499781	100.00	12	0	0	84	95	95	84	2.8	24.3
denovo268	B5_AF499781	100.00	287	0	0	1	287	1	287	2e-164	 569
denovo268	B5_AF499781	100.00	12	0	0	84	95	95	84	2.8	24.3
denovo269	B1_AF333511	98.24	284	5	0	4	287	4	287	1e-150	 523
denovo269	B1_AF333511	100.00	12	0	0	84	95	95	84	2.8	24.3
denovo27	C1_AF333515	100.00	283	0	0	1	283	1	283	5e-162	 561
denovo270	C20_AY239371	100.00	39	0	0	1	39	1	39	2e-16	77.8
denovo271	C46_EU449108	96.47	283	10	0	1	283	1	283	4e-138	 482
denovo28	A4_AF333509	92.55	255	8	1	1	244	1	255	1e-103	 367
denovo29	B1.IV_Green2014	99.26	136	1	0	1	136	1	136	6e-72	 262
denovo29	B1.IV_Green2014	100.00	101	0	0	137	237	197	297	2e-53	 200
denovo29	B1.IV_Green2014	100.00	12	0	0	84	95	95	84	2.3	24.3
denovo3	C1_AF333515	97.88	283	6	0	1	283	1	283	1e-147	 513
denovo30	C7_AF499797	100.00	283	0	0	1	283	1	283	5e-162	 561
denovo31	B1d_GU907633	100.00	286	0	0	2	287	2	287	9e-164	 567
denovo31	B1d_GU907633	100.00	12	0	0	84	95	95	84	2.8	24.3
denovo32	A4a.1_FN429762	93.33	255	6	1	1	244	1	255	2e-108	 383
denovo33	B1_AF333511	100.00	285	0	0	1	285	1	285	3e-163	 565
denovo33	B1_AF333511	100.00	12	0	0	84	95	95	84	2.8	24.3
denovo34	B1_AF333511	96.52	287	10	0	1	287	1	287	2e-140	 490
denovo34	B1_AF333511	100.00	12	0	0	84	95	95	84	2.8	24.3
denovo35	B1_AF333511	99.30	287	1	1	1	286	1	287	3e-157	 545
denovo35	B1_AF333511	100.00	12	0	0	84	95	95	84	2.8	24.3
denovo36	A4_AF333509	99.61	255	1	0	1	255	1	255	6e-143	 498
denovo37	B1_AF333511	95.09	285	1	1	3	274	3	287	1e-134	 470
denovo37	B1_AF333511	100.00	12	0	0	84	95	95	84	2.7	24.3
denovo38	B1_AF333511	97.53	283	6	1	9	290	5	287	7e-143	 498
denovo38	B1_AF333511	100.00	12	0	0	88	99	95	84	2.8	24.3
denovo39	C17.2_FJ461513	98.92	278	3	0	1	278	1	278	7e-152	 527
denovo4	C45a_AY765404	99.55	221	1	0	63	283	63	283	1e-122	 430
denovo4	C45a_AY765404	100.00	32	0	0	1	32	1	32	3e-12	63.9
denovo40	C45a_AY765404	99.65	283	1	0	1	283	1	283	1e-159	 553
denovo41	B1.IV_Green2014	99.19	123	1	0	23	145	14	136	3e-64	 236
denovo41	B1.IV_Green2014	99.01	101	1	0	146	246	197	297	5e-51	 192
denovo41	B1.IV_Green2014	100.00	12	0	0	93	104	95	84	2.4	24.3
denovo42	C31_AY258496	100.00	280	0	0	1	280	1	280	3e-160	 555
denovo43	C1c/C45_EU449103	99.65	283	1	0	1	283	1	283	1e-159	 553
denovo44	C3_AF499789	99.65	283	1	0	1	283	1	283	1e-159	 553
denovo45	D1a_AF499802	99.26	271	2	0	1	271	1	271	4e-150	 521
denovo46	B1_AF333511	97.91	287	6	0	1	287	1	287	5e-150	 521
denovo46	B1_AF333511	100.00	12	0	0	84	95	95	84	2.8	24.3
denovo47	B1_AF333511	95.82	287	11	1	1	286	1	287	2e-133	 466
denovo47	B1_AF333511	100.00	12	0	0	84	95	95	84	2.8	24.3
denovo48	B1_AF333511	96.86	287	9	0	1	287	1	287	7e-143	 498
denovo48	B1_AF333511	100.00	12	0	0	84	95	95	84	2.8	24.3
denovo49	C3_AF499789	98.59	283	3	1	1	282	1	283	4e-150	 521
denovo5	C1c/C45_EU449103	95.76	283	12	0	1	283	1	283	2e-133	 466
denovo50	D2_AY686649	99.62	261	1	0	1	261	1	261	2e-146	 509
denovo50	D2_AY686649	100.00	12	0	0	77	88	88	77	2.6	24.3
denovo51	F4.1_AM748572	100.00	18	0	0	272	289	264	281	7e-04	36.2
denovo52	C3_AF499789	98.23	283	3	1	3	285	3	283	3e-148	 515
denovo53	C44_AY589750	99.29	280	2	0	4	283	4	283	2e-155	 539
denovo54	C1c/C45_EU449103	96.11	283	11	0	1	283	1	283	9e-136	 474
denovo55	C1002_DQ838544	99.29	283	2	0	1	283	1	283	3e-157	 545
denovo56	C46_EU449108	99.29	283	2	0	1	283	1	283	3e-157	 545
denovo57	B1_AF333511	98.95	287	2	1	1	286	1	287	8e-155	 537
denovo57	B1_AF333511	100.00	12	0	0	84	95	95	84	2.8	24.3
denovo58	C1c/C45_EU449103	98.36	244	4	0	40	283	40	283	3e-129	 452
denovo59	C3.12_FJ461507	100.00	283	0	0	1	283	1	283	5e-162	 561
denovo6	C3_AF499789	100.00	280	0	0	4	283	4	283	3e-160	 555
denovo60	C46_EU449108	99.65	283	1	0	1	283	1	283	1e-159	 553
denovo61	B1_AF333511	99.65	284	1	0	4	287	4	287	3e-160	 555
denovo61	B1_AF333511	100.00	12	0	0	84	95	95	84	2.8	24.3
denovo62	B1_AF333511	96.86	287	9	0	1	287	1	287	7e-143	 498
denovo62	B1_AF333511	100.00	12	0	0	84	95	95	84	2.8	24.3
denovo63	B1_AF333511	98.28	290	2	1	1	290	1	287	5e-153	 531
denovo63	B1_AF333511	100.00	12	0	0	87	98	95	84	2.8	24.3
denovo64	B19_GU907641	99.65	283	1	0	1	283	1	283	1e-159	 553
denovo64	B19_GU907641	100.00	12	0	0	84	95	95	84	2.7	24.3
denovo65	G3.3_LK392377	95.82	287	7	1	1	282	1	287	1e-135	 474
denovo66	A4_AF333509	91.36	243	7	2	10	238	13	255	2e-90	 323
denovo67	B1_AF333511	96.86	287	9	0	1	287	1	287	7e-143	 498
denovo67	B1_AF333511	100.00	12	0	0	84	95	95	84	2.8	24.3
denovo68	B1_AF333511	95.49	288	11	2	1	287	1	287	4e-129	 452
denovo68	B1_AF333511	100.00	12	0	0	85	96	95	84	2.8	24.3
denovo69	C15.26_KC597686	99.65	283	1	0	1	283	1	283	1e-159	 553
denovo7	C45a_AY765404	96.47	283	10	0	1	283	1	283	4e-138	 482
denovo70	A4_AF333509	96.47	255	8	1	1	254	1	255	2e-121	 426
denovo71	I2_FN561560	100.00	13	0	0	289	301	294	306	0.69	26.3
denovo72	B1_AF333511	99.31	288	1	1	1	288	1	287	8e-158	 547
denovo72	B1_AF333511	100.00	12	0	0	84	95	95	84	2.8	24.3
denovo73	A4_AF333509	100.00	255	0	0	1	255	1	255	2e-145	 505
denovo74	C46_EU449108	100.00	283	0	0	1	283	1	283	5e-162	 561
denovo75	C3_AF499789	97.53	283	7	0	1	283	1	283	3e-145	 505
denovo76	A4_AF333509	96.47	255	8	1	1	254	1	255	2e-121	 426
denovo77	C3.12_FJ461507	97.53	283	7	0	1	283	1	283	3e-145	 505
denovo78	B1_AF333511	96.17	287	11	0	1	287	1	287	4e-138	 482
denovo79	B24_GU907643	98.83	256	2	1	3	257	3	258	2e-136	 476
denovo79	B24_GU907643	100.00	12	0	0	55	66	66	55	2.5	24.3
denovo8	B1_AF333511	96.86	287	9	0	1	287	1	287	7e-143	 498
denovo8	B1_AF333511	100.00	12	0	0	84	95	95	84	2.8	24.3
denovo80	B1.IV_Green2014	99.24	132	1	0	9	140	5	136	1e-69	 254
denovo80	B1.IV_Green2014	100.00	101	0	0	141	241	197	297	2e-53	 200
denovo80	B1.IV_Green2014	100.00	12	0	0	88	99	95	84	2.3	24.3
denovo81	B1_AF333511	99.06	212	2	0	1	212	1	212	7e-115	 404
denovo81	B1_AF333511	93.48	46	3	0	213	258	242	287	2e-13	67.9
denovo81	B1_AF333511	100.00	12	0	0	84	95	95	84	2.5	24.3
denovo82	B1_AF333511	99.06	212	2	0	1	212	1	212	7e-115	 404
denovo82	B1_AF333511	100.00	44	0	0	213	256	242	285	2e-19	87.7
denovo82	B1_AF333511	100.00	21	0	0	256	276	267	287	1e-05	42.1
denovo83	B1.VI_Green2014	95.31	277	1	2	1	265	1	277	1e-128	 450
denovo83	B1.VI_Green2014	100.00	21	0	0	265	285	259	279	1e-05	42.1
denovo83	B1.VI_Green2014	100.00	12	0	0	64	75	86	75	2.8	24.3
denovo84	B1_AF333511	99.53	212	1	0	14	225	1	212	3e-117	 412
denovo84	B1_AF333511	100.00	46	0	0	226	271	242	287	1e-20	91.7
denovo84	B1_AF333511	100.00	12	0	0	97	108	95	84	2.6	24.3
denovo85	B1.VI_Green2014	95.34	279	1	2	13	279	1	279	9e-130	 454
denovo85	B1.VI_Green2014	100.00	12	0	0	76	87	86	75	2.7	24.3
denovo86	B2_JN558060	89.20	287	5	2	1	265	1	283	6e-100	 355
denovo87	I2_FN561560	100.00	13	0	0	290	302	294	306	0.69	26.3
denovo88	C1065_DQ335388	97.14	280	8	0	4	283	4	283	4e-141	 492
denovo89	B119_EU099825	91.79	280	6	5	1	265	1	278	1e-100	 357
denovo9	C1c/C45_EU449103	95.41	283	13	0	1	283	1	283	6e-131	 458
denovo90	B19_GU907641	99.17	240	1	1	34	273	45	283	3e-129	 452
denovo90	B19_GU907641	100.00	18	0	0	12	29	1	18	7e-04	36.2
denovo90	B19_GU907641	100.00	12	0	0	28	39	40	29	2.6	24.3
denovo91	C1c/C45_EU449103	99.63	272	1	0	11	282	12	283	5e-153	 531
denovo92	I2_FN561560	100.00	13	0	0	289	301	294	306	0.69	26.3
denovo93	C3_AF499789	99.65	283	1	0	1	283	1	283	1e-159	 553
denovo94	B1_AF333511	98.26	287	3	2	1	285	1	287	1e-147	 513
denovo94	B1_AF333511	100.00	12	0	0	84	95	95	84	2.8	24.3
denovo95	C46_EU449108	96.82	283	9	0	1	283	1	283	2e-140	 490
denovo96	B1_AF333511	99.30	287	1	1	1	286	1	287	3e-157	 545
denovo96	B1_AF333511	100.00	12	0	0	84	95	95	84	2.8	24.3
denovo97	C3_AF499789	99.12	226	2	0	58	283	58	283	3e-123	 432
denovo97	C3_AF499789	100.00	24	0	0	1	24	1	24	2e-07	48.1
denovo97	C3_AF499789	100.00	12	0	0	83	94	240	229	2.7	24.3
denovo98	I2_FN561560	100.00	13	0	0	290	302	294	306	0.69	26.3
denovo99	C71a_AY589776	100.00	20	0	0	1	20	1	20	5e-05	40.1
