denovo0 B1_AF333511 97.21 287 8 0 1 287 1 287 3e-145 505 B34_GU907649 306 (1363.0)
denovo1 C3_AF499789 97.88 283 6 0 1 283 1 283 1e-147 513 C3_AF499789 300 (1361.0)
denovo10 C44_AY589750 99.59 245 1 0 39 283 39 283 6e-137 478 C45a_AY765404 300 (1298.0)
denovo100 C45a_AY765404 95.05 283 14 0 1 283 1 283 1e-128 450 C45a_AY765404 300 (1289.0)
denovo101 B1_AF333511 95.85 289 10 1 1 289 1 287 4e-135 472 B34_GU907649 308 (1334.5)
denovo102 A4_AF333509 93.85 244 15 0 15 258 12 255 6e-103 365 A4_AF333509 275 (1111.0)
denovo103 B1_AF333511 98.95 287 2 1 1 286 1 287 8e-155 537 B1_JN558057 306 (1402.0)
denovo104 C3_AF499789 96.79 280 9 0 1 280 1 280 1e-138 484 C3_AF499789 300 (1325.0)
denovo105 I2_FN561560 100.00 13 0 0 289 301 294 306 0.69 26.3 F1_JN558066 353 (372.5)
denovo106 B19_GU907641 100.00 239 0 0 23 261 45 283 9e-136 474 B19_GU907641 302 (1275.5)
denovo107 B1_AF333511 97.91 287 3 1 4 290 4 287 7e-149 517 B1_JN558057 309 (1388.0)
denovo108 B1_AF333511 100.00 12 0 0 88 99 95 84 2.8 24.3 B1_JN558057 310 (1345.5)
denovo109 B1_AF333511 100.00 250 0 0 1 250 1 250 3e-142 496 B124_EU074874 306 (1300.0)
denovo11 B19_GU907641 98.25 286 1 2 1 285 1 283 3e-148 515 B19_GU907641 305 (1380.0)
denovo110 B1_AF333511 95.52 290 6 2 1 286 1 287 2e-133 466 B1_JN558057 309 (1338.5)
denovo111 B19_GU907641 100.00 33 0 0 1 33 1 33 7e-13 65.9 B19_GU907641 305 (1241.0)
denovo112 B19_GU907641 91.64 287 2 4 1 269 1 283 3e-108 383 B19_GU907641 306 (1258.0)
denovo113 A4_AF333509 99.61 255 1 0 1 255 1 255 6e-143 498 A4_AF333509 272 (1266.0)
denovo114 A4_AF333509 98.04 255 5 0 1 255 1 255 2e-133 466 A4_AF333509 272 (1230.0)
denovo115 C3.16_EU786015 96.47 283 10 0 1 283 1 283 4e-138 482 C7_AF499797 300 (1325.0)
denovo116 B1_AF333511 96.86 287 9 0 1 287 1 287 7e-143 498 B1_JN558057 306 (1354.0)
denovo117 B19_GU907641 91.29 287 3 4 1 269 1 283 6e-106 375 B19_GU907641 306 (1249.0)
denovo118 B19_GU907641 100.00 18 0 0 1 18 1 18 7e-04 36.2 B19_GU907641 302 (1266.5)
denovo119 B1_AF333511 95.83 288 11 1 1 288 1 287 6e-134 468 B1_JN558057 307 (1326.0)
denovo12 B1_AF333511 96.83 284 9 0 4 287 4 287 4e-141 492 B1_JN558057 306 (1345.0)
denovo120 F4.6_AM748586 100.00 14 0 0 277 290 268 281 0.17 28.2 F3.4b_AM748616 348 (343.0)
denovo121 D1a_AF499802 100.00 271 0 0 1 271 1 271 7e-155 537 D1a_JN558078 298 (1355.0)
denovo122 C31.1_HQ630876 100.00 280 0 0 1 280 1 280 3e-160 555 C31.1_HQ630876 297 (1400.0)
denovo123 B7_AF499784 99.65 287 1 0 1 287 1 287 5e-162 561 B7_AF499784 306 (1426.0)
denovo124 C66_AY589771 99.29 281 1 1 4 283 4 284 1e-153 533 C66_AY589771 301 (1387.0)
denovo125 B1.IV_Green2014 99.26 136 1 0 1 136 1 136 6e-72 262 B1l_GU907639 306 (1132.5)
denovo126 C31_AY258496 100.00 280 0 0 1 280 1 280 3e-160 555 C31_AY258496 297 (1400.0)
denovo127 C44_AY589750 99.56 227 1 0 57 283 57 283 3e-126 442 C44_AY589750 306 (1269.0)
denovo128 B2_JN558060 90.81 283 4 1 1 261 1 283 4e-110 389 B2_JN558060 302 (1248.5)
denovo129 C1c/C45_EU449103 97.53 283 7 0 1 283 1 283 3e-145 505 C1c/C45_EU449103 300 (1352.0)
denovo13 B1_AF333511 96.86 287 9 0 1 287 1 287 7e-143 498 B34_GU907649 306 (1354.0)
denovo130 B1_AF333511 100.00 12 0 0 84 95 95 84 2.8 24.3 B1_JN558057 306 (1372.0)
denovo131 B19_GU907641 96.11 283 11 0 1 283 1 283 9e-136 474 B19_GU907641 302 (1316.0)
denovo132 I2_FN561560 100.00 13 0 0 289 301 294 306 0.69 26.3 F3.1a_AM748566 362 (380.5)
denovo133 B1_AF333511 100.00 12 0 0 84 95 95 84 2.8 24.3 B34_GU907649 307 (1335.0)
denovo134 C45a_AY765404 99.20 249 2 0 1 249 1 249 6e-137 478 C45a_AY765404 301 (1318.0)
denovo135 B1_AF333511 99.65 287 1 0 1 287 1 287 5e-162 561 B1_JN558057 306 (1426.0)
denovo136 C44_AY589750 95.41 283 13 0 1 283 1 283 6e-131 458 C45a_AY765404 300 (1298.0)
denovo137 C44_AY589750 96.47 283 10 0 1 283 1 283 4e-138 482 C45a_AY765404 300 (1325.0)
denovo138 C3_AF499789 100.00 283 0 0 1 283 1 283 5e-162 561 C3_AF499789 300 (1415.0)
denovo139 B1_AF333511 100.00 12 0 0 84 95 95 84 2.8 24.3 B34_GU907649 307 (1312.0)
denovo14 C15.28_KC597687 97.84 278 6 0 6 283 6 283 1e-144 504 C15.28_KC597687 300 (1343.0)
denovo140 B19_GU907641 96.11 283 11 0 1 283 1 283 9e-136 474 B19_GU907641 302 (1316.0)
denovo141 G3.2_KC597694 100.00 270 0 0 1 270 1 270 3e-154 535 G3.2_KC597694 297 (1350.0)
denovo142 A4_AF333509 96.47 255 8 1 1 254 1 255 2e-121 426 A4_AF333509 272 (1188.0)
denovo143 C31.9_HQ630879 100.00 279 0 0 1 279 1 279 1e-159 553 C31.9_HQ630879 296 (1395.0)
denovo144 C31_AY258496 99.29 280 2 0 1 280 1 280 2e-155 539 C31_AY258496 297 (1382.0)
denovo145 A13_JN558094 83.78 74 9 2 13 83 13 86 2e-04 38.2 A5_AF333508 341 (493.5)
denovo146 C1c/C45_EU449103 99.65 283 1 0 1 283 1 283 1e-159 553 C1c/C45_EU449103 300 (1406.0)
denovo147 B1d_GU907633 100.00 12 0 0 84 95 95 84 2.8 24.3 B1d_GU907633 306 (1435.0)
denovo148 B1d_GU907633 100.00 12 0 0 84 95 95 84 2.8 24.3 B1d_GU907633 306 (1274.0)
denovo149 B1d_GU907633 100.00 12 0 0 84 95 95 84 2.8 24.3 B1d_GU907633 306 (1283.0)
denovo15 B31_GU907645 100.00 12 0 0 85 96 95 84 2.6 24.3 B31_GU907645 308 (1277.0)
denovo150 B2_JN558060 93.99 283 4 3 1 270 1 283 3e-120 422 B2_JN558060 303 (1282.0)
denovo151 B125_EU074865 100.00 12 0 0 84 95 95 84 2.8 24.3 B125_EU074865 306 (1372.0)
denovo152 C3_AF499789 98.94 283 1 1 1 281 1 283 5e-153 531 C3_AF499789 300 (1385.5)
denovo153 B19_GU907641 98.26 287 1 1 1 287 1 283 7e-152 527 B19_GU907641 306 (1394.5)
denovo154 D1a.1_JF683338 100.00 271 0 0 1 271 1 271 7e-155 537 D1a.1_JF683338 298 (1355.0)
denovo155 I2_FN561560 100.00 13 0 0 289 301 294 306 0.69 26.3 F3.1a_AM748566 362 (380.5)
denovo156 B10_AF499787 100.00 12 0 0 84 95 95 84 2.8 24.3 B10_AF499787 306 (1435.0)
denovo157 B1_AF333511 100.00 12 0 0 43 54 95 84 2.4 24.3 B24_GU907643 277 (1178.5)
denovo158 A4_AF333509 90.95 243 8 2 10 238 13 255 4e-88 315 A4_AF333509 272 (1072.0)
denovo159 A4_AF333509 99.61 255 1 0 1 255 1 255 6e-143 498 A4_AF333509 272 (1266.0)
denovo16 B1_AF333511 93.29 283 2 4 4 270 4 285 7e-115 404 B5_AF499781 307 (1263.5)
denovo160 A4_AF333509 99.22 255 2 0 1 255 1 255 1e-140 490 A4_AF333509 272 (1257.0)
denovo161 B19_GU907641 85.61 285 8 5 1 254 1 283 4e-70 256 B33_GU907648 307 (1133.0)
denovo162 C31_AY258496 99.29 280 2 0 1 280 1 280 2e-155 539 C31_AY258496 297 (1382.0)
denovo163 B19_GU907641 92.33 287 5 2 1 274 1 283 5e-116 408 B19_GU907641 306 (1277.5)
denovo164 B19_GU907641 87.50 280 3 4 5 253 5 283 7e-84 301 B33_GU907648 303 (1161.0)
denovo165 C3_AF499789 99.29 280 2 0 4 283 4 283 2e-155 539 C3j_AY239366 300 (1388.0)
denovo166 A4_AF333509 99.61 255 1 0 1 255 1 255 6e-143 498 A4_AF333509 272 (1266.0)
denovo167 B2_JN558060 90.46 283 3 2 3 263 3 283 6e-106 375 B2_JN558060 304 (1238.0)
denovo168 B19_GU907641 90.60 234 1 3 25 241 54 283 7e-84 301 B19_GU907641 306 (1113.0)
denovo169 B19_GU907641 100.00 12 0 0 86 97 95 84 2.6 24.3 B19_GU907641 308 (1253.5)
denovo17 C1144_DQ182637 100.00 278 0 0 1 278 1 278 5e-159 551 C1144_DQ182637 295 (1390.0)
denovo170 I2_FN561560 100.00 13 0 0 290 302 294 306 0.69 26.3 F5.1d_JN558069 355 (365.0)
denovo171 B121_EU074870 100.00 12 0 0 84 95 95 84 2.8 24.3 B121_EU074870 306 (1354.0)
denovo172 B1_AF333511 96.83 284 9 0 4 287 4 287 4e-141 492 B1_JN558057 306 (1345.0)
denovo173 A4_AF333509 99.61 255 1 0 1 255 1 255 6e-143 498 A4_AF333509 272 (1266.0)
denovo174 A4_AF333509 92.94 255 7 1 1 244 1 255 6e-106 375 A4_AF333509 272 (1142.0)
denovo175 C1089_AJ278598 95.05 283 14 0 1 283 1 283 1e-128 450 C3.12_FJ461507 300 (1289.0)
denovo176 C21.23_KC597693 99.64 276 1 0 1 276 1 276 2e-155 539 C32.2_JF683336 293 (1371.0)
denovo177 C1089_AJ278598 96.43 280 9 1 4 282 4 283 6e-134 468 C1089_AJ278598 300 (1310.0)
denovo178 G3.2_KC597694 98.52 270 4 0 1 270 1 270 1e-144 504 G3.2_KC597694 297 (1314.0)
denovo179 F3.2a_AM748568 90.62 32 3 0 279 310 268 299 5e-05 40.1 F5.1_AM748592 363 (478.0)
denovo18 G3.2_KC597694 100.00 14 0 0 174 187 248 235 0.17 28.2 I1_FN561559 367 (382.0)
denovo180 B1_AF333511 99.65 287 1 0 1 287 1 287 5e-162 561 B1_JN558057 306 (1426.0)
denovo181 A128_EF656430 85.19 54 8 0 13 66 13 66 3e-06 44.1 I3_FN561561 357 (480.0)
denovo182 B1_AF333511 96.86 287 9 0 1 287 1 287 7e-143 498 B34_GU907649 306 (1354.0)
denovo183 B1_AF333511 96.48 284 8 1 6 289 6 287 6e-137 478 B34_GU907649 308 (1334.5)
denovo184 A4_AF333509 96.08 255 9 1 1 254 1 255 4e-119 418 A4_AF333509 272 (1179.0)
denovo185 D1a_AF499802 99.63 271 1 0 1 271 1 271 2e-152 529 D1a_JN558078 298 (1346.0)
denovo186 B1_AF333511 99.65 287 1 0 1 287 1 287 5e-162 561 B1_JN558057 306 (1426.0)
denovo187 C3_AF499789 98.61 287 0 1 1 287 1 283 3e-154 535 C3_AF499789 304 (1403.5)
denovo188 B19_GU907641 91.26 286 3 3 3 271 3 283 3e-108 383 B19_GU907641 307 (1254.5)
denovo189 B2_JN558060 90.46 283 3 2 3 263 3 283 6e-106 375 B2_JN558060 304 (1238.0)
denovo19 B1_AF333511 99.65 284 1 0 4 287 4 287 3e-160 555 B1_JN558057 306 (1417.0)
denovo190 B1.VII_Green2014 97.46 276 2 1 1 271 1 276 4e-141 492 B1_JN558057 306 (1337.5)
denovo191 B2_JN558060 88.38 284 9 3 1 261 1 283 3e-89 319 B2_JN558060 306 (1187.5)
denovo192 B19_GU907641 100.00 283 0 0 1 283 1 283 5e-162 561 B19_GU907641 302 (1415.0)
denovo193 C45a_AY765404 99.29 283 2 0 1 283 1 283 3e-157 545 C45a_AY765404 300 (1397.0)
denovo194 B119_EU099825 91.67 276 5 6 5 264 5 278 8e-96 341 B2_JN558060 306 (1213.0)
denovo195 D1a.1_JF683338 100.00 269 0 0 3 271 3 271 1e-153 533 D1a.1_JF683338 298 (1346.0)
denovo196 B1d_GU907633 100.00 12 0 0 87 98 95 84 2.8 24.3 B1d_GU907633 309 (1335.0)
denovo197 B1d_GU907633 100.00 12 0 0 46 57 95 84 2.4 24.3 B1d_GU907633 309 (1181.5)
denovo198 B1d_GU907633 97.27 256 4 1 4 256 30 285 5e-128 448 B1d_GU907633 306 (1219.5)
denovo199 B1d_GU907633 95.86 290 6 2 1 287 1 287 4e-135 472 B1d_GU907633 309 (1344.0)
denovo2 C1c/C45_EU449103 100.00 283 0 0 1 283 1 283 5e-162 561 C1c/C45_EU449103 300 (1415.0)
denovo20 I2_FN561560 100.00 13 0 0 289 301 294 306 0.69 26.3 F3.1a_AM748566 364 (377.0)
denovo200 I2_FN561560 100.00 13 0 0 289 301 294 306 0.69 26.3 F3.1a_AM748566 362 (380.5)
denovo201 B1.IV_Green2014 99.01 101 1 0 150 250 197 297 5e-51 192 B125_EU074865 319 (1150.5)
denovo202 B1_AF333511 98.85 261 3 0 27 287 27 287 1e-141 494 B34_GU907649 307 (1312.0)
denovo203 C46_EU449108 98.55 276 4 0 1 276 1 276 3e-148 515 C46_EU449108 300 (1361.0)
denovo204 B1_AF333511 100.00 12 0 0 84 95 95 84 2.8 24.3 B1_JN558057 306 (1435.0)
denovo205 A4_AF333509 99.61 255 1 0 1 255 1 255 6e-143 498 A4_AF333509 272 (1266.0)
denovo206 C3.12_FJ461507 97.87 282 6 0 2 283 2 283 4e-147 511 C3.12_FJ461507 300 (1352.0)
denovo207 A4_AF333509 100.00 255 0 0 1 255 1 255 2e-145 505 A4_AF333509 272 (1275.0)
denovo208 C22_AY239373 93.17 278 0 1 1 259 1 278 5e-122 428 C22_AY239373 295 (1276.0)
denovo209 C44_AY589750 98.94 283 3 0 1 283 1 283 8e-155 537 C45a_AY765404 300 (1388.0)
denovo21 C1c/C45_EU449103 98.94 282 3 0 2 283 2 283 3e-154 535 C1c/C45_EU449103 300 (1379.0)
denovo210 C17.2_FJ461513 99.28 278 2 0 1 278 1 278 3e-154 535 C17.2_FJ461513 295 (1372.0)
denovo211 B19_GU907641 98.75 240 3 0 46 285 44 283 3e-129 452 B19_GU907641 304 (1296.5)
denovo212 B1d_GU907633 100.00 12 0 0 84 95 95 84 2.8 24.3 B1d_GU907633 306 (1355.0)
denovo213 B1_AF333511 99.30 286 2 0 2 287 2 287 5e-159 551 B1_JN558057 306 (1408.0)
denovo214 B19_GU907641 100.00 12 0 0 84 95 95 84 2.7 24.3 B19_GU907641 302 (1406.0)
denovo215 I2_FN561560 100.00 13 0 0 290 302 294 306 0.69 26.3 F3.1a_AM748566 363 (380.0)
denovo216 B19_GU907641 96.11 283 11 0 1 283 1 283 9e-136 474 B19_GU907641 302 (1316.0)
denovo217 C3.12_FJ461507 97.17 283 8 0 1 283 1 283 6e-143 498 C3.12_FJ461507 300 (1343.0)
denovo218 C1c/C45_EU449103 96.82 283 9 0 1 283 1 283 2e-140 490 C1c/C45_EU449103 300 (1334.0)
denovo219 C1c/C45_EU449103 97.88 283 6 0 1 283 1 283 1e-147 513 C1c/C45_EU449103 300 (1361.0)
denovo22 C45a_AY765404 99.65 283 1 0 1 283 1 283 1e-159 553 C45a_AY765404 300 (1406.0)
denovo220 C46_EU449108 100.00 280 0 0 4 283 4 283 3e-160 555 C46_EU449108 300 (1406.0)
denovo221 C1c/C45_EU449103 100.00 217 0 0 67 283 67 283 1e-122 430 C1c/C45_EU449103 319 (1190.5)
denovo222 C1c/C45_EU449103 99.56 227 1 0 57 283 57 283 3e-126 442 C1c/C45_EU449103 300 (1235.0)
denovo223 C44_AY589750 99.15 235 2 0 49 283 49 283 1e-128 450 C45a_AY765404 304 (1255.0)
denovo224 B19_GU907641 100.00 18 0 0 1 18 1 18 7e-04 36.2 B19_GU907641 305 (1246.5)
denovo225 A1_AF333505 87.10 248 28 2 15 262 12 255 3e-61 226 A1_AF333505 280 (975.5)
denovo226 A4_AF333509 95.08 244 12 0 15 258 12 255 4e-110 389 A4_AF333509 275 (1138.0)
denovo227 B16_AY258469 100.00 12 0 0 84 95 95 84 2.8 24.3 B16_AY258469 306 (1417.0)
denovo228 C44_AY589750 97.53 283 7 0 1 283 1 283 3e-145 505 C44_AY589750 300 (1352.0)
denovo229 C44_AY589750 100.00 266 0 0 35 300 18 283 8e-152 527 C44_AY589750 317 (1343.0)
denovo23 C15_AY239369 100.00 278 0 0 1 278 1 278 5e-159 551 C15_AY239369 300 (1397.0)
denovo230 G3.3_LK392377 100.00 130 0 0 113 242 158 287 9e-71 258 G3.3_LK392377 314 (1178.0)
denovo231 G3.3_LK392377 94.39 285 1 2 3 272 3 287 5e-128 448 G3.3_LK392377 314 (1315.5)
denovo232 G3.2_KC597694 100.00 14 0 0 174 187 248 235 0.17 28.2 I1_FN561559 367 (373.0)
denovo233 B1_AF333511 100.00 12 0 0 84 95 95 84 2.8 24.3 B1_JN558057 306 (1426.0)
denovo234 B1_AF333511 100.00 261 0 0 27 287 27 287 7e-149 517 B34_GU907649 307 (1339.0)
denovo235 C45a_AY765404 100.00 283 0 0 1 283 1 283 5e-162 561 C45a_AY765404 300 (1415.0)
denovo236 B1_AF333511 100.00 12 0 0 84 95 95 84 2.7 24.3 B1_JN558057 306 (1301.5)
denovo237 B19_GU907641 100.00 12 0 0 84 95 95 84 2.7 24.3 B19_GU907641 302 (1406.0)
denovo238 B19_GU907641 94.35 283 2 2 1 269 1 283 3e-126 442 B19_GU907641 302 (1301.0)
denovo239 B1_AF333511 97.91 287 3 1 4 290 4 287 7e-149 517 B1_JN558057 309 (1388.0)
denovo24 D1a_AF499802 98.38 247 4 0 24 270 25 271 6e-131 458 D1a_JN558078 298 (1268.0)
denovo240 B19_GU907641 96.47 283 10 0 1 283 1 283 4e-138 482 B19_GU907641 302 (1325.0)
denovo241 C1c/C45_EU449103 98.94 283 3 0 1 283 1 283 8e-155 537 C1k_AY589733 300 (1388.0)
denovo242 C3_AF499789 100.00 49 0 0 1 49 1 49 2e-22 97.6 C3_AF499789 300 (1250.0)
denovo243 B1_AF333511 97.21 287 5 1 2 288 2 285 4e-144 502 B1_JN558057 309 (1361.0)
denovo244 C3_AF499789 97.19 285 6 1 1 285 1 283 3e-142 496 C3.22_HE579010 310 (1365.5)
denovo245 B1_AF333511 97.59 290 4 1 1 290 1 287 3e-148 515 B1_JN558057 309 (1388.0)
denovo246 I2_FN561560 100.00 13 0 0 289 301 294 306 0.69 26.3 F3.1a_AM748566 364 (376.5)
denovo247 D1_JN558076 97.42 271 7 0 1 271 1 271 4e-138 482 D1_JN558076 297 (1292.0)
denovo248 I2_FN561560 100.00 13 0 0 290 302 294 306 0.69 26.3 F3.1a_AM748566 358 (384.5)
denovo249 D1_JN558076 100.00 271 0 0 1 271 1 271 7e-155 537 D1_JN558076 298 (1355.0)
denovo25 G3.2_KC597694 96.67 270 9 0 1 270 1 270 9e-133 464 G3.2_KC597694 297 (1269.0)
denovo250 I2_FN561560 100.00 13 0 0 290 302 294 306 0.69 26.3 F3.1a_AM748566 363 (371.0)
denovo251 A105_AB207202 88.37 43 5 0 24 66 24 66 8e-07 46.1 F3.2a_AM748568 377 (469.0)
denovo252 D1a_AF499802 97.37 266 7 0 6 271 6 271 4e-135 472 D1a_JN558078 298 (1274.0)
denovo253 C1c/C45_EU449103 99.20 251 2 0 33 283 33 283 4e-138 482 C1c/C45_EU449103 300 (1325.0)
denovo254 B1_AF333511 97.88 283 5 1 9 290 5 287 3e-145 505 B1_JN558057 310 (1363.5)
denovo255 C44_AY589750 97.87 282 6 0 2 283 2 283 4e-147 511 C45a_AY765404 300 (1352.0)
denovo256 A4_AF333509 96.47 255 8 1 1 254 1 255 2e-121 426 A4_AF333509 272 (1188.0)
denovo257 C1c/C45_EU449103 100.00 283 0 0 1 283 1 283 5e-162 561 C1c/C45_EU449103 300 (1415.0)
denovo258 B18a_AY258472 96.80 281 9 0 3 283 3 283 2e-139 486 B18a_AY258472 302 (1325.0)
denovo259 B18a_AY258472 100.00 12 0 0 84 95 95 84 2.7 24.3 B18a_AY258472 302 (1316.0)
denovo26 B1.IV_Green2014 98.48 132 2 0 9 140 5 136 3e-67 246 B1l_GU907639 310 (1121.0)
denovo260 B19_GU907641 95.76 283 12 0 1 283 1 283 2e-133 466 B19_GU907641 302 (1307.0)
denovo261 B1_AF333511 97.89 285 6 0 3 287 3 287 7e-149 517 B1_JN558057 306 (1372.0)
denovo262 B1_AF333511 100.00 12 0 0 84 95 95 84 2.8 24.3 B1_JN558057 306 (1399.0)
denovo263 B19_GU907641 99.29 283 2 0 1 283 1 283 3e-157 545 B19_GU907641 302 (1397.0)
denovo264 C7_AF499797 99.65 283 1 0 1 283 1 283 1e-159 553 C7_AF499797 300 (1406.0)
denovo265 B1_AF333511 100.00 12 0 0 84 95 95 84 2.8 24.3 B1_JN558057 306 (1354.0)
denovo266 B1_AF333511 100.00 12 0 0 84 95 95 84 2.8 24.3 B1_JN558057 306 (1417.0)
denovo267 B5_AF499781 96.17 287 11 0 1 287 1 287 4e-138 482 B5_AF499781 306 (1336.0)
denovo268 B5_AF499781 100.00 12 0 0 84 95 95 84 2.8 24.3 B5_AF499781 306 (1435.0)
denovo269 B1_AF333511 100.00 12 0 0 84 95 95 84 2.8 24.3 B1_JN558057 306 (1381.0)
denovo27 C1_AF333515 100.00 283 0 0 1 283 1 283 5e-162 561 C1_JN558041 300 (1415.0)
denovo270 C20_AY239371 100.00 39 0 0 1 39 1 39 2e-16 77.8 F3.1a_AM748566 362 (462.5)
denovo271 C46_EU449108 96.47 283 10 0 1 283 1 283 4e-138 482 C46_EU449108 300 (1325.0)
denovo28 A4_AF333509 92.55 255 8 1 1 244 1 255 1e-103 367 A4_AF333509 272 (1133.0)
denovo29 B1.IV_Green2014 99.26 136 1 0 1 136 1 136 6e-72 262 B1l_GU907639 306 (1141.5)
denovo3 C1_AF333515 97.88 283 6 0 1 283 1 283 1e-147 513 C1_JN558041 300 (1361.0)
denovo30 C7_AF499797 100.00 283 0 0 1 283 1 283 5e-162 561 C7_AF499797 300 (1415.0)
denovo31 B1d_GU907633 100.00 286 0 0 2 287 2 287 9e-164 567 B1d_GU907633 306 (1426.0)
denovo32 A4a.1_FN429762 93.33 255 6 1 1 244 1 255 2e-108 383 A4a_AF499778 272 (1151.0)
denovo33 B1_AF333511 100.00 285 0 0 1 285 1 285 3e-163 565 B1_JN558057 306 (1426.0)
denovo34 B1_AF333511 100.00 12 0 0 84 95 95 84 2.8 24.3 B34_GU907649 306 (1345.0)
denovo35 B1_AF333511 99.30 287 1 1 1 286 1 287 3e-157 545 B34_GU907649 306 (1411.0)
denovo36 A4_AF333509 99.61 255 1 0 1 255 1 255 6e-143 498 A4_AF333509 272 (1266.0)
denovo37 B1_AF333511 100.00 12 0 0 84 95 95 84 2.7 24.3 B1_JN558057 306 (1336.0)
denovo38 B1_AF333511 97.53 283 6 1 9 290 5 287 7e-143 498 B1_JN558057 310 (1354.5)
denovo39 C17.2_FJ461513 98.92 278 3 0 1 278 1 278 7e-152 527 C17.2_FJ461513 295 (1363.0)
denovo4 C45a_AY765404 100.00 32 0 0 1 32 1 32 3e-12 63.9 C45a_AY765404 314 (1256.5)
denovo40 C45a_AY765404 99.65 283 1 0 1 283 1 283 1e-159 553 C45a_AY765404 300 (1406.0)
denovo41 B1.IV_Green2014 99.01 101 1 0 146 246 197 297 5e-51 192 B1l_GU907639 315 (1109.0)
denovo42 C31_AY258496 100.00 280 0 0 1 280 1 280 3e-160 555 C31_AY258496 297 (1400.0)
denovo43 C1c/C45_EU449103 99.65 283 1 0 1 283 1 283 1e-159 553 C1c/C45_EU449103 300 (1406.0)
denovo44 C3_AF499789 99.65 283 1 0 1 283 1 283 1e-159 553 C3_AF499789 300 (1406.0)
denovo45 D1a_AF499802 99.26 271 2 0 1 271 1 271 4e-150 521 D1a_JN558078 298 (1337.0)
denovo46 B1_AF333511 97.91 287 6 0 1 287 1 287 5e-150 521 B1_JN558057 307 (1383.0)
denovo47 B1_AF333511 100.00 12 0 0 84 95 95 84 2.8 24.3 B34_GU907649 306 (1321.0)
denovo48 B1_AF333511 96.86 287 9 0 1 287 1 287 7e-143 498 B1_JN558057 306 (1354.0)
denovo49 C3_AF499789 98.59 283 3 1 1 282 1 283 4e-150 521 C3_AF499789 300 (1373.0)
denovo5 C1c/C45_EU449103 95.76 283 12 0 1 283 1 283 2e-133 466 C1c/C45_EU449103 300 (1307.0)
denovo50 D2_AY686649 100.00 12 0 0 77 88 88 77 2.6 24.3 D2_AY686649 288 (1296.0)
denovo51 F4.1_AM748572 100.00 18 0 0 272 289 264 281 7e-04 36.2 I1_FN561559 360 (460.0)
denovo52 C3_AF499789 98.23 283 3 1 3 285 3 283 3e-148 515 C3.22_HE579010 310 (1383.5)
denovo53 C44_AY589750 99.29 280 2 0 4 283 4 283 2e-155 539 C45a_AY765404 300 (1379.0)
denovo54 C1c/C45_EU449103 96.11 283 11 0 1 283 1 283 9e-136 474 C1c/C45_EU449103 300 (1316.0)
denovo55 C1002_DQ838544 99.29 283 2 0 1 283 1 283 3e-157 545 C1002_DQ838544 300 (1397.0)
denovo56 C46_EU449108 99.29 283 2 0 1 283 1 283 3e-157 545 C46_EU449108 300 (1397.0)
denovo57 B1_AF333511 98.95 287 2 1 1 286 1 287 8e-155 537 B1_JN558057 306 (1402.0)
denovo58 C1c/C45_EU449103 98.36 244 4 0 40 283 40 283 3e-129 452 C1c/C45_EU449103 300 (1289.0)
denovo59 C3.12_FJ461507 100.00 283 0 0 1 283 1 283 5e-162 561 C3.12_FJ461507 299 (1415.0)
denovo6 C3_AF499789 100.00 280 0 0 4 283 4 283 3e-160 555 C3j_AY239366 300 (1406.0)
denovo60 C46_EU449108 99.65 283 1 0 1 283 1 283 1e-159 553 C46_EU449108 300 (1406.0)
denovo61 B1_AF333511 99.65 284 1 0 4 287 4 287 3e-160 555 B1_JN558057 306 (1417.0)
denovo62 B1_AF333511 96.86 287 9 0 1 287 1 287 7e-143 498 B34_GU907649 306 (1354.0)
denovo63 B1_AF333511 98.28 290 2 1 1 290 1 287 5e-153 531 B1_JN558057 309 (1406.0)
denovo64 B19_GU907641 100.00 12 0 0 84 95 95 84 2.7 24.3 B19_GU907641 302 (1406.0)
denovo65 G3.3_LK392377 95.82 287 7 1 1 282 1 287 1e-135 474 G3.3_LK392377 314 (1335.0)
denovo66 A4_AF333509 91.36 243 7 2 10 238 13 255 2e-90 323 A4_AF333509 272 (1090.0)
denovo67 B1_AF333511 96.86 287 9 0 1 287 1 287 7e-143 498 B1_JN558057 306 (1354.0)
denovo68 B1_AF333511 95.49 288 11 2 1 287 1 287 4e-129 452 B34_GU907649 307 (1311.0)
denovo69 C15.26_KC597686 99.65 283 1 0 1 283 1 283 1e-159 553 C15.26_KC597686 300 (1406.0)
denovo7 C45a_AY765404 96.47 283 10 0 1 283 1 283 4e-138 482 C45a_AY765404 300 (1325.0)
denovo70 A4_AF333509 96.47 255 8 1 1 254 1 255 2e-121 426 A4_AF333509 272 (1188.0)
denovo71 I2_FN561560 100.00 13 0 0 289 301 294 306 0.69 26.3 F3.1a_AM748566 362 (380.5)
denovo72 B1_AF333511 99.31 288 1 1 1 288 1 287 8e-158 547 B1_JN558057 307 (1416.0)
denovo73 A4_AF333509 100.00 255 0 0 1 255 1 255 2e-145 505 A4_AF333509 272 (1275.0)
denovo74 C46_EU449108 100.00 283 0 0 1 283 1 283 5e-162 561 C46_EU449108 300 (1415.0)
denovo75 C3_AF499789 97.53 283 7 0 1 283 1 283 3e-145 505 C3_AF499789 300 (1352.0)
denovo76 A4_AF333509 96.47 255 8 1 1 254 1 255 2e-121 426 A4_AF333509 272 (1188.0)
denovo77 C3.12_FJ461507 97.53 283 7 0 1 283 1 283 3e-145 505 C3.12_FJ461507 300 (1352.0)
denovo78 B1_AF333511 96.17 287 11 0 1 287 1 287 4e-138 482 B1_JN558057 306 (1336.0)
denovo79 B24_GU907643 100.00 12 0 0 55 66 66 55 2.5 24.3 B24_GU907643 277 (1248.0)
denovo8 B1_AF333511 96.86 287 9 0 1 287 1 287 7e-143 498 B1_JN558057 306 (1354.0)
denovo80 B1.IV_Green2014 100.00 12 0 0 88 99 95 84 2.3 24.3 B1l_GU907639 310 (1130.0)
denovo81 B1_AF333511 99.06 212 2 0 1 212 1 212 7e-115 404 B1_JN558057 306 (1221.0)
denovo82 B1_AF333511 99.06 212 2 0 1 212 1 212 7e-115 404 B1_JN558057 324 (1239.0)
denovo83 B1.VI_Green2014 100.00 12 0 0 64 75 86 75 2.8 24.3 B7_AF499784 324 (1297.5)
denovo84 B1_AF333511 99.53 212 1 0 14 225 1 212 3e-117 412 B1_JN558057 319 (1257.0)
denovo85 B1.VI_Green2014 95.34 279 1 2 13 279 1 279 9e-130 454 B7_AF499784 318 (1306.5)
denovo86 B2_JN558060 89.20 287 5 2 1 265 1 283 6e-100 355 B2_JN558060 306 (1228.0)
denovo87 I2_FN561560 100.00 13 0 0 290 302 294 306 0.69 26.3 F102_AJ291534 355 (363.5)
denovo88 C1065_DQ335388 97.14 280 8 0 4 283 4 283 4e-141 492 C1065_DQ335388 300 (1334.0)
denovo89 B119_EU099825 91.79 280 6 5 1 265 1 278 1e-100 357 B2_JN558060 306 (1228.0)
denovo9 C1c/C45_EU449103 95.41 283 13 0 1 283 1 283 6e-131 458 C1c/C45_EU449103 300 (1298.0)
denovo90 B19_GU907641 100.00 18 0 0 12 29 1 18 7e-04 36.2 B19_GU907641 314 (1256.5)
denovo91 C1c/C45_EU449103 99.63 272 1 0 11 282 12 283 5e-153 531 C1c/C45_EU449103 300 (1373.0)
denovo92 I2_FN561560 100.00 13 0 0 289 301 294 306 0.69 26.3 F3.1a_AM748566 362 (380.5)
denovo93 C3_AF499789 99.65 283 1 0 1 283 1 283 1e-159 553 C3_AF499789 300 (1406.0)
denovo94 B1_AF333511 100.00 12 0 0 84 95 95 84 2.8 24.3 B1_JN558057 306 (1378.0)
denovo95 C46_EU449108 96.82 283 9 0 1 283 1 283 2e-140 490 C46_EU449108 300 (1334.0)
denovo96 B1_AF333511 99.30 287 1 1 1 286 1 287 3e-157 545 B1_JN558057 306 (1411.0)
denovo97 C3_AF499789 99.12 226 2 0 58 283 58 283 3e-123 432 C1114_AB207196 307 (1245.0)
denovo98 I2_FN561560 100.00 13 0 0 290 302 294 306 0.69 26.3 F5.1d_JN558069 363 (357.5)
denovo99 C71a_AY589776 100.00 20 0 0 1 20 1 20 5e-05 40.1 I4_FN561562 343 (420.5)
