denovo0	D1_AF334660;size=2;	100.00	271	0	0	1	271	1	271	7e-155	 537
denovo1	A4_AF333509;size=1;	96.47	255	8	1	1	254	1	255	2e-121	 426
denovo10	D1a_JN558078;size=2;	97.37	266	7	0	6	271	6	271	4e-135	 472
denovo101	G3.1_KC597688;size=1;	100.00	130	0	0	113	242	158	287	9e-71	 258
denovo103	C1012_DQ480604;size=1;	97.54	284	6	1	1	284	1	283	2e-143	 500
denovo104	B19_DQ865212;size=2;	97.13	279	7	1	5	282	5	283	4e-138	 482
denovo105	B1.I_Green2014;size=4;	96.86	287	9	0	1	287	1	287	6e-143	 498
denovo106	B1j_GU907637;size=1;	100.00	12	0	0	85	96	95	84	2.7	24.3
denovo108	B1d_GU907633;size=1;	95.86	290	6	2	1	287	1	287	4e-135	 472
denovo109	B34_GU907649;size=1;	100.00	12	0	0	86	97	95	84	2.7	24.3
denovo11	C15.22_KC597695;size=1;	100.00	20	0	0	1	20	1	20	4e-05	40.1
denovo114	B19_DQ865212;size=2;	100.00	12	0	0	84	95	95	84	2.6	24.3
denovo115	C22_AY239373;size=1;	91.79	280	0	2	3	263	3	278	4e-113	 398
denovo116	B1.VI_Green2014;size=1;	100.00	12	0	0	64	75	86	75	2.6	24.3
denovo117	C45a_AY765404;size=1;	98.58	282	4	0	1	282	1	282	7e-152	 527
denovo119	A4_AF333509;size=1;	90.95	243	8	2	10	238	13	255	4e-88	 315
denovo12	G3.2_KC597694;size=1;	100.00	270	0	0	1	270	1	270	3e-154	 535
denovo120	G3.3_LK392377;size=1;	94.39	285	1	2	3	272	3	287	5e-128	 448
denovo121	C45a_AY765404;size=1;	97.88	283	6	0	1	283	1	283	1e-147	 513
denovo122	B18a_AY258472;size=1;	100.00	12	0	0	84	95	95	84	2.6	24.3
denovo124	B123_EU074872;size=1;	99.06	212	2	0	1	212	1	212	7e-115	 404
denovo125	C1c/C45_AY239364;size=2;	96.82	283	9	0	1	283	1	283	2e-140	 490
denovo126	C45a_AY765404;size=1;	98.55	275	4	0	9	283	9	283	1e-147	 513
denovo127	C7_AF499797;size=1;	98.59	283	4	0	1	283	1	283	2e-152	 529
denovo128	C44_AY589750;size=1;	96.47	283	10	0	1	283	1	283	4e-138	 482
denovo131	G3.3_LK392377;size=1;	95.82	287	7	1	1	282	1	287	9e-136	 474
denovo132	A4_AF333509;size=1;	96.47	255	8	1	1	254	1	255	2e-121	 426
denovo134	C45a_AY765404;size=1;	98.92	278	3	0	6	283	6	283	7e-152	 527
denovo135	C44_AY589750;size=1;	97.88	283	6	0	1	283	1	283	1e-147	 513
denovo136	B19_DQ865212;size=2;	97.15	281	8	0	3	283	3	283	1e-141	 494
denovo138	G3.2_KC597694;size=1;	97.41	270	7	0	1	270	1	270	1e-137	 480
denovo139	A1_AF333505;size=1;	87.10	248	28	2	15	262	12	255	3e-61	 226
denovo140	C45a_AY765404;size=1;	98.23	282	5	0	2	283	2	283	2e-149	 519
denovo141	C1.6_FJ461493;size=1;	97.53	283	7	0	1	283	1	283	3e-145	 505
denovo142	C3.12_FJ461507;size=1;	97.17	283	8	0	1	283	1	283	6e-143	 498
denovo145	B1d_GU907633;size=1;	97.53	283	6	1	9	290	5	287	6e-143	 498
denovo148	F4.6_AM748586;size=1;	100.00	14	0	0	277	290	268	281	0.16	28.2
denovo149	B19a_JN558055;size=1;	94.42	269	7	3	1	265	1	265	1e-113	 400
denovo150	C1166_AB294584;size=1;	97.86	281	5	1	1	281	1	280	4e-144	 502
denovo151	B31_GU907645;size=1;	92.93	283	2	2	4	269	4	285	4e-119	 418
denovo156	B1.I_Green2014;size=4;	96.83	284	9	0	4	287	4	287	4e-141	 492
denovo157	B19a_JN558055;size=1;	93.96	265	6	2	1	255	1	265	4e-113	 398
denovo159	A4_AF333509;size=1;	96.47	255	8	1	1	254	1	255	2e-121	 426
denovo16	A4_AF333509;size=1;	92.55	255	8	1	1	244	1	255	1e-103	 367
denovo160	B19_DQ865212;size=2;	93.99	283	3	2	1	269	1	283	7e-124	 434
denovo161	B18a_AY258472;size=1;	96.80	281	9	0	3	283	3	283	2e-139	 486
denovo163	C3f_AY589734;size=1;	97.53	283	5	1	1	281	1	283	2e-143	 500
denovo165	B19_DQ865212;size=2;	96.79	280	9	0	4	283	4	283	9e-139	 484
denovo166	C7_AF499797;size=1;	98.23	283	5	0	1	283	1	283	4e-150	 521
denovo167	C44_AY589750;size=1;	97.17	283	8	0	1	283	1	283	6e-143	 498
denovo168	B19_DQ865212;size=2;	100.00	12	0	0	84	95	95	84	2.6	24.3
denovo169	A4_AF333509;size=1;	100.00	255	0	0	1	255	1	255	2e-145	 505
denovo17	C44_AY589750;size=1;	97.17	283	8	0	1	283	1	283	6e-143	 498
denovo170	B1.I_Green2014;size=4;	100.00	12	0	0	84	95	95	84	2.7	24.3
denovo171	A4_AF333509;size=1;	95.08	244	12	0	15	258	12	255	4e-110	 389
denovo173	B19_DQ865212;size=2;	100.00	12	0	0	84	95	95	84	2.6	24.3
denovo174	B19_DQ865212;size=2;	96.43	280	10	0	4	283	4	283	2e-136	 476
denovo175	B24_GU907643;size=1;	100.00	12	0	0	55	66	66	55	2.4	24.3
denovo176	C15.28_KC597687;size=1;	97.84	278	6	0	6	283	6	283	1e-144	 504
denovo177	B123_EU074872;size=1;	99.53	212	1	0	14	225	1	212	3e-117	 412
denovo178	C1027_DQ335360;size=1;	97.53	283	7	0	1	283	1	283	3e-145	 505
denovo181	C46_EU449108;size=1;	96.47	283	10	0	1	283	1	283	4e-138	 482
denovo182	C3_AB778606;size=2;	97.88	283	6	0	1	283	1	283	1e-147	 513
denovo19	C46_EU449108;size=1;	100.00	283	0	0	1	283	1	283	5e-162	 561
denovo2	C93_AJ621536;size=1;	97.88	283	6	0	1	283	1	283	1e-147	 513
denovo21	C45a_AY765404;size=1;	97.88	283	6	0	1	283	1	283	1e-147	 513
denovo22	B34_GU907649;size=1;	96.17	287	11	0	1	287	1	287	4e-138	 482
denovo23	B34_GU907649;size=1;	100.00	12	0	0	84	95	95	84	2.6	24.3
denovo25	F4.1_AM748572;size=1;	100.00	18	0	0	272	289	264	281	7e-04	36.2
denovo26	B34_GU907649;size=1;	95.49	288	11	2	1	287	1	287	3e-129	 452
denovo27	D120_EU074900;size=1;	98.38	247	4	0	24	270	25	271	5e-131	 458
denovo28	A4a_AF499778;size=2;	93.33	255	6	1	1	244	1	255	2e-108	 383
denovo3	B19_DQ865212;size=2;	98.23	283	3	1	3	285	3	283	3e-148	 515
denovo31	C44_AY589750;size=1;	97.87	282	6	0	2	283	2	283	4e-147	 511
denovo32	B19_DQ865212;size=2;	97.88	283	5	1	1	282	1	283	3e-145	 505
denovo33	A147_EU074937;size=1;	88.37	43	5	0	24	66	24	66	7e-07	46.1
denovo34	G3.2_KC597694;size=1;	100.00	14	0	0	174	187	248	235	0.17	28.2
denovo35	B1.I_Green2014;size=4;	96.17	287	8	1	4	290	4	287	6e-137	 478
denovo36	C1228_EU074883;size=1;	99.28	278	2	0	1	278	1	278	3e-154	 535
denovo37	C3b_AF499791;size=1;	97.87	282	6	0	1	282	1	282	4e-147	 511
denovo38	C1144_DQ182637;size=1;	100.00	278	0	0	1	278	1	278	5e-159	 551
denovo39	C45a_AY765404;size=1;	97.88	283	6	0	1	283	1	283	1e-147	 513
denovo40	C3_AB778606;size=2;	97.88	283	6	0	1	283	1	283	1e-147	 513
denovo41	B19_DQ865212;size=2;	100.00	12	0	0	84	95	95	84	2.6	24.3
denovo42	C3e_AF499793;size=1;	97.85	279	6	0	1	279	1	279	3e-145	 505
denovo44	C45a_AY765404;size=1;	98.59	283	4	0	1	283	1	283	2e-152	 529
denovo45	D1_AF334660;size=2;	97.42	271	7	0	1	271	1	271	4e-138	 482
denovo46	B124_EU074874;size=1;	100.00	12	0	0	84	95	95	84	2.6	24.3
denovo48	B19_DQ865212;size=2;	100.00	12	0	0	83	94	95	84	2.5	24.3
denovo49	C66_AY589771;size=1;	98.59	284	2	2	1	282	1	284	3e-148	 515
denovo5	B1.III_Green2014;size=1;	98.65	74	1	0	173	246	201	274	6e-35	 139
denovo50	C45a_AY765404;size=1;	97.88	283	6	0	1	283	1	283	1e-147	 513
denovo51	B1.I_Green2014;size=4;	96.17	287	8	1	4	290	4	287	6e-137	 478
denovo58	B1j_GU907637;size=1;	96.83	284	9	0	4	287	4	287	4e-141	 492
denovo59	C1230_EU074889;size=1;	97.81	274	6	0	1	274	1	274	2e-142	 496
denovo60	B119_EU099825;size=1;	91.08	157	3	3	1	148	1	155	4e-51	 192
denovo61	C45a_AY765404;size=1;	98.23	283	5	0	1	283	1	283	4e-150	 521
denovo64	C45a_AY765404;size=1;	97.88	283	6	0	1	283	1	283	1e-147	 513
denovo65	B1d_GU907633;size=1;	97.27	256	4	1	4	256	30	285	5e-128	 448
denovo66	B34_GU907649;size=1;	100.00	12	0	0	84	95	95	84	2.7	24.3
denovo67	B31_GU907645;size=1;	97.54	284	7	0	4	287	4	287	7e-146	 507
denovo68	B19_DQ865212;size=2;	97.85	233	2	1	20	252	54	283	4e-119	 418
denovo69	B19_DQ865212;size=2;	96.11	283	11	0	1	283	1	283	9e-136	 474
denovo7	B19_DQ865212;size=2;	97.17	283	8	0	1	283	1	283	6e-143	 498
denovo70	C1182_AB294649;size=1;	98.59	283	4	0	1	283	1	283	2e-152	 529
denovo72	C44_AY589750;size=1;	97.17	283	8	0	1	283	1	283	6e-143	 498
denovo74	B1.I_Green2014;size=4;	100.00	12	0	0	84	95	95	84	2.7	24.3
denovo75	C15_AY239369;size=1;	99.29	283	2	0	1	283	1	283	3e-157	 545
denovo76	B19_DQ865212;size=2;	100.00	18	0	0	1	18	1	18	6e-04	36.2
denovo78	C44_AY589750;size=1;	97.88	283	6	0	1	283	1	283	1e-147	 513
denovo79	B1.VI_Green2014;size=1;	95.34	279	1	2	13	279	1	279	8e-130	 454
denovo8	C3.16_EU786015;size=1;	97.88	283	6	0	1	283	1	283	1e-147	 513
denovo81	C45a_AY765404;size=1;	98.23	283	5	0	1	283	1	283	4e-150	 521
denovo82	C45a_AY765404;size=1;	97.88	283	6	0	1	283	1	283	1e-147	 513
denovo83	B1.III_Green2014;size=1;	99.26	136	1	0	14	149	1	136	6e-72	 262
denovo84	B33_GU907648;size=1;	85.61	285	8	5	1	254	1	283	4e-70	 256
denovo85	C7_AF499797;size=1;	98.21	280	5	0	4	283	4	283	3e-148	 515
denovo86	C36_AY258480;size=1;	98.59	283	4	0	1	283	1	283	2e-152	 529
denovo87	B2_AF333512;size=2;	100.00	12	0	0	17	28	40	29	2.2	24.3
denovo89	B19_DQ865212;size=2;	100.00	12	0	0	84	95	95	84	2.6	24.3
denovo90	C45a_AY765404;size=1;	98.58	282	4	0	1	282	1	282	7e-152	 527
denovo91	B19_DQ865212;size=2;	100.00	12	0	0	84	95	95	84	2.6	24.3
denovo92	C31_AY258496;size=1;	100.00	280	0	0	1	280	1	280	3e-160	 555
denovo93	B2_AF333512;size=2;	85.51	283	2	2	1	244	1	283	2e-81	 293
denovo94	B18a_AY258472;size=1;	97.14	280	6	1	4	281	4	283	2e-139	 486
denovo95	B19_DQ865212;size=2;	100.00	12	0	0	84	95	95	84	2.6	24.3
denovo96	B1e_GU907634;size=1;	95.82	287	10	2	1	285	1	287	5e-131	 458
denovo97	F4.7_AM748587;size=1;	100.00	13	0	0	289	301	271	283	0.66	26.3
denovo98	C44_AY589750;size=1;	97.52	282	7	0	1	282	1	282	1e-144	 504
denovo99	C45a_AY765404;size=1;	97.88	283	6	0	1	283	1	283	1e-147	 513
