denovo0 D1_JN558076 100.00 271 0 0 1 271 1 271 7e-155 537 D1_JN558076 298 (1355.0)
denovo1 A4_AF333509 96.47 255 8 1 1 254 1 255 2e-121 426 A4_AF333509 272 (1188.0)
denovo10 D1a_AF499802 97.37 266 7 0 6 271 6 271 4e-135 472 D1a_JN558078 298 (1274.0)
denovo101 G3.3_LK392377 100.00 130 0 0 113 242 158 287 9e-71 258 G3.3_LK392377 314 (1178.0)
denovo103 C1012_DQ480604 97.54 284 6 1 1 284 1 283 2e-143 500 C7_AF499797 301 (1351.0)
denovo104 B19_GU907641 97.13 279 7 1 5 282 5 283 4e-138 482 B19_GU907641 302 (1328.0)
denovo105 B1_AF333511 96.86 287 9 0 1 287 1 287 7e-143 498 B1_JN558057 306 (1354.0)
denovo106 B1j_GU907637 100.00 12 0 0 85 96 95 84 2.8 24.3 B1j_GU907637 308 (1334.0)
denovo108 B1d_GU907633 95.86 290 6 2 1 287 1 287 4e-135 472 B1d_GU907633 309 (1344.0)
denovo109 B1_AF333511 100.00 12 0 0 86 97 95 84 2.8 24.3 B34_GU907649 308 (1316.5)
denovo11 C71a_AY589776 100.00 20 0 0 1 20 1 20 5e-05 40.1 I4_FN561562 343 (420.5)
denovo114 B19_GU907641 100.00 12 0 0 84 95 95 84 2.7 24.3 B19_GU907641 302 (1361.0)
denovo115 C22_AY239373 91.79 280 0 2 3 263 3 278 4e-113 398 C22_AY239373 299 (1255.5)
denovo116 B1.VI_Green2014 100.00 12 0 0 64 75 86 75 2.8 24.3 B7_AF499784 324 (1297.5)
denovo117 C45a_AY765404 98.58 282 4 0 1 282 1 282 7e-152 527 C45a_AY765404 300 (1370.0)
denovo119 A4_AF333509 90.95 243 8 2 10 238 13 255 4e-88 315 A4_AF333509 272 (1072.0)
denovo12 G3.2_KC597694 100.00 270 0 0 1 270 1 270 3e-154 535 G3.2_KC597694 297 (1350.0)
denovo120 G3.3_LK392377 94.39 285 1 2 3 272 3 287 5e-128 448 G3.3_LK392377 314 (1315.5)
denovo121 C45a_AY765404 97.88 283 6 0 1 283 1 283 1e-147 513 C45a_AY765404 300 (1361.0)
denovo122 B18a_AY258472 100.00 12 0 0 84 95 95 84 2.7 24.3 B18a_AY258472 302 (1316.0)
denovo124 B1_AF333511 99.06 212 2 0 1 212 1 212 7e-115 404 B1_JN558057 324 (1239.0)
denovo125 C1c/C45_EU449103 96.82 283 9 0 1 283 1 283 2e-140 490 C1c/C45_EU449103 300 (1334.0)
denovo126 C45a_AY765404 98.55 275 4 0 9 283 9 283 1e-147 513 C45a_AY765404 300 (1361.0)
denovo127 C7_AF499797 98.59 283 4 0 1 283 1 283 2e-152 529 C7_AF499797 300 (1379.0)
denovo128 C44_AY589750 96.47 283 10 0 1 283 1 283 4e-138 482 C45a_AY765404 300 (1325.0)
denovo131 G3.3_LK392377 95.82 287 7 1 1 282 1 287 1e-135 474 G3.3_LK392377 314 (1335.0)
denovo132 A4_AF333509 96.47 255 8 1 1 254 1 255 2e-121 426 A4_AF333509 272 (1188.0)
denovo134 C45a_AY765404 98.92 278 3 0 6 283 6 283 7e-152 527 C45a_AY765404 300 (1370.0)
denovo135 C3.12_FJ461507 97.88 283 6 0 1 283 1 283 1e-147 513 C45a_AY765404 300 (1361.0)
denovo136 B19_GU907641 97.15 281 8 0 3 283 3 283 1e-141 494 B19_GU907641 302 (1334.0)
denovo138 G3.2_KC597694 97.41 270 7 0 1 270 1 270 2e-137 480 G3.3_LK392377 314 (1287.0)
denovo139 A1_AF333505 87.10 248 28 2 15 262 12 255 3e-61 226 A1_AF333505 280 (975.5)
denovo140 C45a_AY765404 98.23 282 5 0 2 283 2 283 2e-149 519 C45a_AY765404 300 (1361.0)
denovo141 C1.6_FJ461493 97.53 283 7 0 1 283 1 283 3e-145 505 C1.6_FJ461493 300 (1352.0)
denovo142 C3.12_FJ461507 97.17 283 8 0 1 283 1 283 6e-143 498 C3.12_FJ461507 300 (1343.0)
denovo145 B1_AF333511 97.53 283 6 1 9 290 5 287 7e-143 498 B1_JN558057 310 (1354.5)
denovo148 F4.6_AM748586 100.00 14 0 0 277 290 268 281 0.17 28.2 F3.4b_AM748616 348 (343.0)
denovo149 B19a_JN558055 94.42 269 7 3 1 265 1 265 1e-113 400 B19_GU907641 307 (1239.5)
denovo150 C1166_AB294584 97.86 281 5 1 1 281 1 280 4e-144 502 C1166_AB294584 301 (1351.0)
denovo151 B31_GU907645 92.93 283 2 2 4 269 4 285 5e-119 418 B31_GU907645 307 (1286.0)
denovo156 B1_AF333511 96.83 284 9 0 4 287 4 287 4e-141 492 B1_JN558057 306 (1345.0)
denovo157 B19a_JN558055 93.96 265 6 2 1 255 1 265 4e-113 398 B18a_AY258472 302 (1233.5)
denovo159 A4_AF333509 96.47 255 8 1 1 254 1 255 2e-121 426 A4_AF333509 272 (1188.0)
denovo16 A4_AF333509 92.55 255 8 1 1 244 1 255 1e-103 367 A4_AF333509 272 (1133.0)
denovo160 B19_GU907641 93.99 283 3 2 1 269 1 283 8e-124 434 B19_GU907641 302 (1292.0)
denovo161 B18a_AY258472 96.80 281 9 0 3 283 3 283 2e-139 486 B18a_AY258472 302 (1325.0)
denovo163 C3_AF499789 97.53 283 5 1 1 281 1 283 2e-143 500 C3_AF499789 301 (1352.0)
denovo165 B19_GU907641 96.79 280 9 0 4 283 4 283 1e-138 484 B19_GU907641 302 (1325.0)
denovo166 C7_AF499797 98.23 283 5 0 1 283 1 283 4e-150 521 C7_AF499797 300 (1370.0)
denovo167 C44_AY589750 97.17 283 8 0 1 283 1 283 6e-143 498 C45a_AY765404 300 (1343.0)
denovo168 B19_GU907641 100.00 12 0 0 84 95 95 84 2.7 24.3 B19_GU907641 302 (1334.0)
denovo169 A4_AF333509 100.00 255 0 0 1 255 1 255 2e-145 505 A4_AF333509 272 (1275.0)
denovo17 C44_AY589750 97.17 283 8 0 1 283 1 283 6e-143 498 C45a_AY765404 300 (1343.0)
denovo170 B1_AF333511 100.00 12 0 0 84 95 95 84 2.8 24.3 B1_JN558057 306 (1435.0)
denovo171 A4_AF333509 95.08 244 12 0 15 258 12 255 4e-110 389 A4_AF333509 275 (1138.0)
denovo173 B19_GU907641 100.00 12 0 0 84 95 95 84 2.7 24.3 B19_GU907641 302 (1334.0)
denovo174 B19_GU907641 96.43 280 10 0 4 283 4 283 2e-136 476 B19_GU907641 302 (1316.0)
denovo175 B24_GU907643 100.00 12 0 0 55 66 66 55 2.5 24.3 B24_GU907643 277 (1248.0)
denovo176 C15.28_KC597687 97.84 278 6 0 6 283 6 283 1e-144 504 C15.28_KC597687 300 (1343.0)
denovo177 B1_AF333511 99.53 212 1 0 14 225 1 212 3e-117 412 B1_JN558057 319 (1257.0)
denovo178 C3_AF499789 97.53 283 7 0 1 283 1 283 3e-145 505 C3_AF499789 300 (1352.0)
denovo181 C46_EU449108 96.47 283 10 0 1 283 1 283 4e-138 482 C46_EU449108 300 (1325.0)
denovo182 C3_AF499789 97.88 283 6 0 1 283 1 283 1e-147 513 C3_AF499789 300 (1361.0)
denovo19 C46_EU449108 100.00 283 0 0 1 283 1 283 5e-162 561 C46_EU449108 300 (1415.0)
denovo2 C3_AF499789 97.88 283 6 0 1 283 1 283 1e-147 513 C93_AJ621536 300 (1361.0)
denovo21 C45a_AY765404 97.88 283 6 0 1 283 1 283 1e-147 513 C45a_AY765404 300 (1361.0)
denovo22 B1_AF333511 96.17 287 11 0 1 287 1 287 4e-138 482 B34_GU907649 306 (1336.0)
denovo23 B1_AF333511 100.00 12 0 0 84 95 95 84 2.8 24.3 B34_GU907649 306 (1306.0)
denovo25 F4.1_AM748572 100.00 18 0 0 272 289 264 281 7e-04 36.2 I1_FN561559 360 (460.0)
denovo26 B1_AF333511 95.49 288 11 2 1 287 1 287 4e-129 452 B34_GU907649 307 (1311.0)
denovo27 D1a_AF499802 98.38 247 4 0 24 270 25 271 6e-131 458 D1a_JN558078 298 (1268.0)
denovo28 A4a.1_FN429762 93.33 255 6 1 1 244 1 255 2e-108 383 A4a_AF499778 272 (1151.0)
denovo3 B19_GU907641 98.23 283 3 1 3 285 3 283 3e-148 515 B19_GU907641 304 (1368.5)
denovo31 C44_AY589750 97.87 282 6 0 2 283 2 283 4e-147 511 C45a_AY765404 300 (1352.0)
denovo32 B19_GU907641 97.88 283 5 1 1 282 1 283 3e-145 505 B19_GU907641 302 (1355.0)
denovo33 A105_AB207202 88.37 43 5 0 24 66 24 66 8e-07 46.1 F3.2a_AM748568 377 (469.0)
denovo34 G3.2_KC597694 100.00 14 0 0 174 187 248 235 0.17 28.2 I1_FN561559 367 (382.0)
denovo35 B1_AF333511 96.17 287 8 1 4 290 4 287 6e-137 478 B1_JN558057 309 (1343.0)
denovo36 C1228_EU074883 99.28 278 2 0 1 278 1 278 3e-154 535 C1228_EU074883 300 (1379.0)
denovo37 C3b_AF499791 97.87 282 6 0 1 282 1 282 4e-147 511 C3b_AF499791 299 (1356.0)
denovo38 C1144_DQ182637 100.00 278 0 0 1 278 1 278 5e-159 551 C1144_DQ182637 295 (1390.0)
denovo39 C45a_AY765404 97.88 283 6 0 1 283 1 283 1e-147 513 C45a_AY765404 300 (1361.0)
denovo40 C3_AF499789 97.88 283 6 0 1 283 1 283 1e-147 513 C3_AF499789 301 (1363.0)
denovo41 B19_GU907641 100.00 12 0 0 84 95 95 84 2.7 24.3 B19_GU907641 303 (1336.0)
denovo42 C3_AF499789 97.85 279 6 0 1 279 1 279 3e-145 505 C3e_AF499793 300 (1352.0)
denovo44 C45a_AY765404 98.59 283 4 0 1 283 1 283 2e-152 529 C45a_AY765404 300 (1379.0)
denovo45 D1_JN558076 97.42 271 7 0 1 271 1 271 4e-138 482 D1_JN558076 297 (1292.0)
denovo46 B1_AF333511 100.00 12 0 0 84 95 95 84 2.7 24.3 B1_JN558057 306 (1301.5)
denovo48 B19_GU907641 91.64 287 2 4 1 269 1 283 3e-108 383 B19_GU907641 306 (1258.0)
denovo49 C66_AY589771 98.59 284 2 2 1 282 1 284 3e-148 515 C66_AY589771 301 (1372.0)
denovo5 B1.IV_Green2014 99.01 101 1 0 146 246 197 297 5e-51 192 B1l_GU907639 315 (1109.0)
denovo50 C45a_AY765404 97.88 283 6 0 1 283 1 283 1e-147 513 C45a_AY765404 300 (1361.0)
denovo51 B1_AF333511 96.17 287 8 1 4 290 4 287 6e-137 478 B1_JN558057 309 (1343.0)
denovo58 B1_AF333511 96.83 284 9 0 4 287 4 287 4e-141 492 B1_JN558057 306 (1345.0)
denovo59 C1230_EU074889 97.81 274 6 0 1 274 1 274 2e-142 496 C1230_EU074889 291 (1316.0)
denovo60 B119_EU099825 91.08 157 3 3 1 148 1 155 4e-51 192 B2_JN558060 306 (1108.0)
denovo61 C45a_AY765404 98.23 283 5 0 1 283 1 283 4e-150 521 C45a_AY765404 300 (1370.0)
denovo64 C45a_AY765404 97.88 283 6 0 1 283 1 283 1e-147 513 C45a_AY765404 300 (1361.0)
denovo65 B1d_GU907633 97.27 256 4 1 4 256 30 285 5e-128 448 B1d_GU907633 306 (1219.5)
denovo66 B1_AF333511 100.00 12 0 0 84 95 95 84 2.8 24.3 B34_GU907649 307 (1312.0)
denovo67 B31_GU907645 97.54 284 7 0 4 287 4 287 7e-146 507 B31_GU907645 306 (1363.0)
denovo68 B19_GU907641 97.85 233 2 1 20 252 54 283 4e-119 418 B19_GU907641 305 (1189.5)
denovo69 B19_GU907641 96.11 283 11 0 1 283 1 283 9e-136 474 B19_GU907641 302 (1316.0)
denovo7 B19_GU907641 97.17 283 8 0 1 283 1 283 7e-143 498 B19_GU907641 302 (1343.0)
denovo70 C1182_AB294649 98.59 283 4 0 1 283 1 283 2e-152 529 C1182_AB294649 300 (1379.0)
denovo72 C44_AY589750 97.17 283 8 0 1 283 1 283 6e-143 498 C45a_AY765404 303 (1359.5)
denovo74 B1_AF333511 100.00 12 0 0 84 95 95 84 2.8 24.3 B1_JN558057 306 (1354.0)
denovo75 C15_AY239369 99.29 283 2 0 1 283 1 283 3e-157 545 C15_AY239369 300 (1397.0)
denovo76 B19_GU907641 100.00 18 0 0 1 18 1 18 7e-04 36.2 B19_GU907641 302 (1239.5)
denovo78 C44_AY589750 97.88 283 6 0 1 283 1 283 1e-147 513 C45a_AY765404 300 (1361.0)
denovo79 B1.VI_Green2014 95.34 279 1 2 13 279 1 279 9e-130 454 B7_AF499784 318 (1306.5)
denovo8 C3.16_EU786015 97.88 283 6 0 1 283 1 283 1e-147 513 C7_AF499797 300 (1361.0)
denovo81 C45a_AY765404 98.23 283 5 0 1 283 1 283 4e-150 521 C45a_AY765404 300 (1370.0)
denovo82 C45a_AY765404 97.88 283 6 0 1 283 1 283 1e-147 513 C45a_AY765404 300 (1361.0)
denovo83 B1.IV_Green2014 99.26 136 1 0 14 149 1 136 6e-72 262 B1l_GU907639 319 (1141.5)
denovo84 B19_GU907641 85.61 285 8 5 1 254 1 283 4e-70 256 B33_GU907648 307 (1133.0)
denovo85 C7_AF499797 98.21 280 5 0 4 283 4 283 3e-148 515 C7_AF499797 300 (1361.0)
denovo86 C3_AF499789 98.59 283 4 0 1 283 1 283 2e-152 529 C3_AF499789 300 (1379.0)
denovo87 B2_JN558060 100.00 12 0 0 17 28 40 29 2.3 24.3 B2_JN558060 302 (1127.0)
denovo89 B19_GU907641 100.00 12 0 0 84 95 95 84 2.7 24.3 B19_GU907641 303 (1309.0)
denovo90 C45a_AY765404 98.58 282 4 0 1 282 1 282 7e-152 527 C45a_AY765404 300 (1370.0)
denovo91 B19_GU907641 100.00 12 0 0 84 95 95 84 2.8 24.3 B19_GU907641 304 (1305.5)
denovo92 C31_AY258496 100.00 280 0 0 1 280 1 280 3e-160 555 C31_AY258496 297 (1400.0)
denovo93 B2_JN558060 85.51 283 2 2 1 244 1 283 2e-81 293 B2_JN558060 302 (1163.5)
denovo94 B18a_AY258472 97.14 280 6 1 4 281 4 283 2e-139 486 B18a_AY258472 302 (1331.5)
denovo95 B19_GU907641 100.00 12 0 0 84 95 95 84 2.8 24.3 B19_GU907641 304 (1359.5)
denovo96 B1_AF333511 95.82 287 10 2 1 285 1 287 6e-131 458 B1_JN558057 306 (1315.0)
denovo97 I2_FN561560 100.00 13 0 0 289 301 294 306 0.69 26.3 F3.1a_AM748566 362 (380.5)
denovo98 C44_AY589750 97.52 282 7 0 1 282 1 282 1e-144 504 C45a_AY765404 300 (1343.0)
denovo99 C45a_AY765404 97.88 283 6 0 1 283 1 283 1e-147 513 C45a_AY765404 300 (1361.0)
