denovo0	B119_EU099825	91.08	157	3	3	1	148	1	155	4e-51	 192
denovo1	B19a_JN558055	94.42	269	7	3	1	265	1	265	1e-113	 400
denovo10	C71a_AY589776	100.00	20	0	0	1	20	1	20	5e-05	40.1
denovo100	C44_AY589750	95.41	283	13	0	1	283	1	283	6e-131	 458
denovo101	C44_AY589750	99.56	227	1	0	57	283	57	283	3e-126	 442
denovo102	C3.12_FJ461507	97.87	282	6	0	2	283	2	283	4e-147	 511
denovo103	C45a_AY765404	100.00	32	0	0	1	32	1	32	3e-12	63.9
denovo104	C1c/C45_EU449103	100.00	217	0	0	67	283	67	283	1e-122	 430
denovo105	C1c/C45_EU449103	99.56	227	1	0	57	283	57	283	3e-126	 442
denovo106	C31_AY258496	100.00	280	0	0	1	280	1	280	3e-160	 555
denovo107	C3_AF499789	99.12	226	2	0	58	283	58	283	3e-123	 432
denovo108	C45a_AY765404	99.20	249	2	0	1	249	1	249	6e-137	 478
denovo109	C31.1_HQ630876	99.29	280	2	0	1	280	1	280	2e-155	 539
denovo11	B1d_GU907633	96.17	287	8	1	1	284	1	287	6e-137	 478
denovo110	B5_AF499781	96.17	287	11	0	1	287	1	287	4e-138	 482
denovo111	D1a_AF499802	100.00	271	0	0	1	271	1	271	7e-155	 537
denovo112	B19_GU907641	96.11	283	11	0	1	283	1	283	9e-136	 474
denovo113	B5_AF499781	100.00	12	0	0	84	95	95	84	2.7	24.3
denovo114	B1_AF333511	100.00	12	0	0	84	95	95	84	2.8	24.3
denovo115	B5_AF499781	100.00	12	0	0	84	95	95	84	2.8	24.3
denovo116	C46_EU449108	98.55	276	4	0	1	276	1	276	3e-148	 515
denovo117	B1d_GU907633	97.21	287	5	1	1	284	1	287	4e-144	 502
denovo118	B1_AF333511	97.87	282	6	0	6	287	6	287	4e-147	 511
denovo119	C31.9_HQ630879	100.00	279	0	0	1	279	1	279	1e-159	 553
denovo12	B1_AF333511	100.00	12	0	0	84	95	95	84	2.8	24.3
denovo120	C1c/C45_EU449103	99.63	272	1	0	11	282	12	283	5e-153	 531
denovo121	A4_AF333509	96.47	255	8	1	1	254	1	255	2e-121	 426
denovo122	B1_AF333511	96.86	287	9	0	1	287	1	287	7e-143	 498
denovo123	B19_GU907641	100.00	12	0	0	84	95	95	84	2.8	24.3
denovo124	B19_GU907641	97.17	283	8	0	1	283	1	283	7e-143	 498
denovo125	B19_GU907641	100.00	12	0	0	84	95	95	84	2.8	24.3
denovo126	C1c/C45_EU449103	97.53	283	7	0	1	283	1	283	3e-145	 505
denovo127	C45a_AY765404	95.05	283	14	0	1	283	1	283	1e-128	 450
denovo128	A4_AF333509	96.47	255	8	1	1	254	1	255	2e-121	 426
denovo129	A4_AF333509	98.04	255	5	0	1	255	1	255	2e-133	 466
denovo13	C1.6_FJ461493	97.53	283	7	0	1	283	1	283	3e-145	 505
denovo130	G3.2_KC597694	100.00	270	0	0	1	270	1	270	3e-154	 535
denovo131	C1_AF333515	97.88	283	6	0	1	283	1	283	1e-147	 513
denovo132	C15_AY239369	100.00	278	0	0	1	278	1	278	5e-159	 551
denovo133	B1_AF333511	95.52	290	6	2	1	286	1	287	2e-133	 466
denovo134	A4_AF333509	96.47	255	8	1	1	254	1	255	2e-121	 426
denovo135	C3_AF499789	96.79	280	9	0	1	280	1	280	1e-138	 484
denovo136	G3.3_LK392377	94.39	285	1	2	3	272	3	287	5e-128	 448
denovo137	B1_AF333511	96.17	287	11	0	1	287	1	287	4e-138	 482
denovo138	B1.VI_Green2014	100.00	12	0	0	64	75	86	75	2.8	24.3
denovo139	B19_GU907641	91.64	287	2	4	1	269	1	283	3e-108	 383
denovo14	C1089_AJ278598	96.43	280	9	1	4	282	4	283	6e-134	 468
denovo140	B1_AF333511	99.06	212	2	0	1	212	1	212	7e-115	 404
denovo141	B31_GU907645	92.93	283	2	2	4	269	4	285	5e-119	 418
denovo142	B19_GU907641	97.85	233	2	1	20	252	54	283	4e-119	 418
denovo143	B1_AF333511	96.86	287	9	0	1	287	1	287	7e-143	 498
denovo144	B1_AF333511	99.06	212	2	0	1	212	1	212	7e-115	 404
denovo145	C3_AF499789	100.00	283	0	0	1	283	1	283	5e-162	 561
denovo146	D1a.1_JF683338	100.00	271	0	0	1	271	1	271	7e-155	 537
denovo147	B1d_GU907633	100.00	12	0	0	84	95	95	84	2.8	24.3
denovo148	B31_GU907645	97.54	284	7	0	4	287	4	287	7e-146	 507
denovo149	B1_AF333511	100.00	12	0	0	84	95	95	84	2.8	24.3
denovo15	D1_JN558076	100.00	271	0	0	1	271	1	271	7e-155	 537
denovo150	B1d_GU907633	100.00	12	0	0	84	95	95	84	2.8	24.3
denovo151	B1d_GU907633	97.21	287	8	0	1	287	1	287	3e-145	 505
denovo152	B1d_GU907633	100.00	12	0	0	87	98	95	84	2.8	24.3
denovo153	B1_AF333511	95.83	288	11	1	1	288	1	287	6e-134	 468
denovo154	B1_AF333511	96.48	284	8	1	6	289	6	287	6e-137	 478
denovo155	C1c/C45_EU449103	99.20	251	2	0	33	283	33	283	4e-138	 482
denovo156	C1089_AJ278598	95.05	283	14	0	1	283	1	283	1e-128	 450
denovo157	B19_GU907641	97.17	283	8	0	1	283	1	283	7e-143	 498
denovo158	C3_AF499789	97.88	283	6	0	1	283	1	283	1e-147	 513
denovo159	C3_AF499789	98.23	283	3	1	3	285	3	283	3e-148	 515
denovo16	B19_GU907641	100.00	12	0	0	84	95	95	84	2.7	24.3
denovo160	A13_JN558094	83.78	74	9	2	13	83	13	86	2e-04	38.2
denovo161	B1.IV_Green2014	99.26	136	1	0	14	149	1	136	6e-72	 262
denovo162	B1_AF333511	98.85	261	3	0	27	287	27	287	1e-141	 494
denovo163	F4.6_AM748586	100.00	14	0	0	277	290	268	281	0.17	28.2
denovo164	B1_AF333511	97.53	283	6	1	9	290	5	287	7e-143	 498
denovo165	C7_AF499797	100.00	283	0	0	1	283	1	283	5e-162	 561
denovo166	B1_AF333511	100.00	12	0	0	84	95	95	84	2.8	24.3
denovo167	B1_AF333511	100.00	250	0	0	1	250	1	250	3e-142	 496
denovo168	A4_AF333509	95.08	244	12	0	15	258	12	255	4e-110	 389
denovo169	A4_AF333509	90.95	243	8	2	10	238	13	255	4e-88	 315
denovo17	C44_AY589750	96.47	283	10	0	1	283	1	283	4e-138	 482
denovo170	B1_AF333511	98.95	287	3	0	1	287	1	287	3e-157	 545
denovo171	A4_AF333509	92.55	255	8	1	1	244	1	255	1e-103	 367
denovo172	C46_EU449108	100.00	283	0	0	1	283	1	283	5e-162	 561
denovo173	B19_GU907641	100.00	12	0	0	84	95	95	84	2.7	24.3
denovo174	A1_AF333505	87.10	248	28	2	15	262	12	255	3e-61	 226
denovo175	A4_AF333509	100.00	255	0	0	1	255	1	255	2e-145	 505
denovo176	A4a.1_FN429762	93.33	255	6	1	1	244	1	255	2e-108	 383
denovo177	C66_AY589771	98.59	284	2	2	1	282	1	284	3e-148	 515
denovo178	C46_EU449108	96.47	283	10	0	1	283	1	283	4e-138	 482
denovo179	D1_JN558076	97.42	271	7	0	1	271	1	271	4e-138	 482
denovo18	C3_AF499789	97.53	283	7	0	1	283	1	283	3e-145	 505
denovo19	B1_AF333511	95.49	288	11	2	1	287	1	287	4e-129	 452
denovo2	B1_AF333511	96.83	284	9	0	4	287	4	287	4e-141	 492
denovo20	C3.12_FJ461507	97.17	283	8	0	1	283	1	283	6e-143	 498
denovo21	A4_AF333509	96.47	255	8	1	1	254	1	255	2e-121	 426
denovo22	C45a_AY765404	96.47	283	10	0	1	283	1	283	4e-138	 482
denovo23	C1c/C45_EU449103	97.88	283	6	0	1	283	1	283	1e-147	 513
denovo24	C44_AY589750	100.00	266	0	0	35	300	18	283	8e-152	 527
denovo25	C44_AY589750	97.53	283	7	0	1	283	1	283	3e-145	 505
denovo26	C1c/C45_EU449103	95.76	283	12	0	1	283	1	283	2e-133	 466
denovo27	A128_EF656430	85.19	54	8	0	13	66	13	66	3e-06	44.1
denovo28	F3.2a_AM748568	90.62	32	3	0	279	310	268	299	5e-05	40.1
denovo29	C20_AY239371	100.00	39	0	0	1	39	1	39	2e-16	77.8
denovo3	D1a.1_JF683338	100.00	269	0	0	3	271	3	271	1e-153	 533
denovo30	I2_FN561560	100.00	13	0	0	289	301	294	306	0.69	26.3
denovo31	C46_EU449108	96.82	283	9	0	1	283	1	283	2e-140	 490
denovo32	A105_AB207202	88.37	43	5	0	24	66	24	66	8e-07	46.1
denovo33	C1065_DQ335388	97.14	280	8	0	4	283	4	283	4e-141	 492
denovo34	B19_GU907641	100.00	12	0	0	84	95	95	84	2.7	24.3
denovo35	B19_GU907641	100.00	12	0	0	84	95	95	84	2.7	24.3
denovo36	C1144_DQ182637	100.00	278	0	0	1	278	1	278	5e-159	 551
denovo37	B2_JN558060	100.00	12	0	0	17	28	40	29	2.3	24.3
denovo38	B19_GU907641	85.61	285	8	5	1	254	1	283	4e-70	 256
denovo39	G3.2_KC597694	100.00	14	0	0	174	187	248	235	0.17	28.2
denovo4	B2_JN558060	92.38	105	6	2	1	104	1	104	6e-32	 129
denovo40	B19_GU907641	97.88	283	5	1	1	282	1	283	3e-145	 505
denovo41	G3.3_LK392377	95.82	287	7	1	1	282	1	287	1e-135	 474
denovo42	B1.VI_Green2014	95.34	279	1	2	13	279	1	279	9e-130	 454
denovo43	B2_JN558060	85.51	283	2	2	1	244	1	283	2e-81	 293
denovo44	B1_AF333511	96.17	287	11	0	1	287	1	287	4e-138	 482
denovo45	C3.12_FJ461507	97.53	283	7	0	1	283	1	283	3e-145	 505
denovo46	C15.26_KC597686	99.65	283	1	0	1	283	1	283	1e-159	 553
denovo47	C1c/C45_EU449103	98.94	283	3	0	1	283	1	283	8e-155	 537
denovo48	B1_AF333511	100.00	12	0	0	84	95	95	84	2.7	24.3
denovo49	B1.IV_Green2014	99.01	101	1	0	146	246	197	297	5e-51	 192
denovo5	B19_GU907641	98.23	283	3	1	3	285	3	283	3e-148	 515
denovo50	C44_AY589750	99.59	245	1	0	39	283	39	283	6e-137	 478
denovo51	C1c/C45_EU449103	95.41	283	13	0	1	283	1	283	6e-131	 458
denovo52	C1c/C45_EU449103	96.11	283	11	0	1	283	1	283	9e-136	 474
denovo53	G3.3_LK392377	100.00	130	0	0	113	242	158	287	9e-71	 258
denovo54	D1a_AF499802	99.63	271	1	0	1	271	1	271	2e-152	 529
denovo55	B2_JN558060	90.81	283	4	1	1	261	1	283	4e-110	 389
denovo56	G3.2_KC597694	98.52	270	4	0	1	270	1	270	1e-144	 504
denovo57	B1.IV_Green2014	93.38	136	9	0	1	136	1	136	7e-53	 198
denovo58	B1_AF333511	97.91	287	6	0	1	287	1	287	5e-150	 521
denovo59	G3.2_KC597694	96.67	270	9	0	1	270	1	270	9e-133	 464
denovo6	B1_AF333511	96.86	287	9	0	1	287	1	287	7e-143	 498
denovo60	B1_AF333511	95.52	290	10	1	1	290	1	287	6e-134	 468
denovo61	B1d_GU907633	95.86	290	6	2	1	287	1	287	4e-135	 472
denovo62	C31_AY258496	98.18	275	5	0	6	280	6	280	3e-145	 505
denovo63	B1d_GU907633	100.00	12	0	0	84	95	95	84	2.8	24.3
denovo64	B1_AF333511	100.00	12	0	0	84	95	95	84	2.8	24.3
denovo65	B1d_GU907633	97.27	256	4	1	4	256	30	285	5e-128	 448
denovo66	I2_FN561560	100.00	13	0	0	290	302	294	306	0.69	26.3
denovo67	B19_GU907641	98.26	287	1	1	1	287	1	283	7e-152	 527
denovo68	B1_AF333511	96.17	287	8	1	4	290	4	287	6e-137	 478
denovo69	B1_AF333511	96.17	287	8	1	4	290	4	287	6e-137	 478
denovo7	F4.1_AM748572	100.00	18	0	0	272	289	264	281	7e-04	36.2
denovo70	D1a_AF499802	98.38	247	4	0	24	270	25	271	6e-131	 458
denovo71	B19_GU907641	93.99	283	3	2	1	269	1	283	8e-124	 434
denovo72	C15.28_KC597687	97.84	278	6	0	6	283	6	283	1e-144	 504
denovo73	B1_AF333511	99.53	212	1	0	14	225	1	212	3e-117	 412
denovo74	B19_GU907641	100.00	18	0	0	1	18	1	18	7e-04	36.2
denovo75	B24_GU907643	100.00	12	0	0	55	66	66	55	2.5	24.3
denovo76	B19_GU907641	96.47	283	10	0	1	283	1	283	4e-138	 482
denovo77	C45a_AY765404	100.00	283	0	0	1	283	1	283	5e-162	 561
denovo78	B1_AF333511	96.83	284	9	0	4	287	4	287	4e-141	 492
denovo79	B18a_AY258472	97.16	282	8	0	2	283	2	283	3e-142	 496
denovo8	B19_GU907641	98.75	240	3	0	46	285	44	283	3e-129	 452
denovo80	C21.23_KC597693	99.64	276	1	0	1	276	1	276	2e-155	 539
denovo81	B18a_AY258472	98.22	281	3	2	4	283	4	283	4e-144	 502
denovo82	B18a_AY258472	97.15	281	8	0	3	283	3	283	1e-141	 494
denovo83	B18a_AY258472	100.00	12	0	0	84	95	95	84	2.7	24.3
denovo84	B1_AF333511	100.00	12	0	0	84	95	95	84	2.8	24.3
denovo85	B19_GU907641	97.13	279	7	1	5	282	5	283	4e-138	 482
denovo86	B121_EU074870	100.00	12	0	0	84	95	95	84	2.8	24.3
denovo87	C1c/C45_EU449103	98.36	244	4	0	40	283	40	283	3e-129	 452
denovo88	B19_GU907641	100.00	12	0	0	84	95	95	84	2.7	24.3
denovo89	A4_AF333509	99.61	255	1	0	1	255	1	255	6e-143	 498
denovo9	D1a_AF499802	97.37	266	7	0	6	271	6	271	4e-135	 472
denovo90	B19_GU907641	100.00	12	0	0	84	95	95	84	2.7	24.3
denovo91	B19_GU907641	100.00	12	0	0	84	95	95	84	2.7	24.3
denovo92	B19_GU907641	98.25	286	1	2	1	285	1	283	3e-148	 515
denovo93	C3.16_EU786015	96.47	283	10	0	1	283	1	283	4e-138	 482
denovo94	B1_AF333511	96.86	287	9	0	1	287	1	287	7e-143	 498
denovo95	B19_GU907641	97.17	283	8	0	1	283	1	283	7e-143	 498
denovo96	B1_AF333511	100.00	12	0	0	84	95	95	84	2.8	24.3
denovo97	B19_GU907641	97.53	283	7	0	1	283	1	283	3e-145	 505
denovo98	C1c/C45_EU449103	96.82	283	9	0	1	283	1	283	2e-140	 490
denovo99	C44_AY589750	99.15	235	2	0	49	283	49	283	1e-128	 450
