denovo0 B119_EU099825 91.08 157 3 3 1 148 1 155 4e-51 192 B2_JN558060 306 (1108.0)
denovo1 B19a_JN558055 94.42 269 7 3 1 265 1 265 1e-113 400 B19_GU907641 307 (1239.5)
denovo10 C71a_AY589776 100.00 20 0 0 1 20 1 20 5e-05 40.1 I4_FN561562 343 (420.5)
denovo100 C44_AY589750 95.41 283 13 0 1 283 1 283 6e-131 458 C45a_AY765404 300 (1298.0)
denovo101 C44_AY589750 99.56 227 1 0 57 283 57 283 3e-126 442 C44_AY589750 306 (1269.0)
denovo102 C3.12_FJ461507 97.87 282 6 0 2 283 2 283 4e-147 511 C3.12_FJ461507 300 (1352.0)
denovo103 C45a_AY765404 100.00 32 0 0 1 32 1 32 3e-12 63.9 C45a_AY765404 314 (1256.5)
denovo104 C1c/C45_EU449103 100.00 217 0 0 67 283 67 283 1e-122 430 C1c/C45_EU449103 319 (1190.5)
denovo105 C1c/C45_EU449103 99.56 227 1 0 57 283 57 283 3e-126 442 C1c/C45_EU449103 300 (1235.0)
denovo106 C31_AY258496 100.00 280 0 0 1 280 1 280 3e-160 555 C31_AY258496 297 (1400.0)
denovo107 C3_AF499789 99.12 226 2 0 58 283 58 283 3e-123 432 C1114_AB207196 307 (1245.0)
denovo108 C45a_AY765404 99.20 249 2 0 1 249 1 249 6e-137 478 C45a_AY765404 301 (1318.0)
denovo109 C31.1_HQ630876 99.29 280 2 0 1 280 1 280 2e-155 539 C31.1_HQ630876 297 (1382.0)
denovo11 B1d_GU907633 96.17 287 8 1 1 284 1 287 6e-137 478 B1d_GU907633 306 (1337.0)
denovo110 B5_AF499781 96.17 287 11 0 1 287 1 287 4e-138 482 B5_AF499781 306 (1336.0)
denovo111 D1a_AF499802 100.00 271 0 0 1 271 1 271 7e-155 537 D1a_JN558078 298 (1355.0)
denovo112 B19_GU907641 96.11 283 11 0 1 283 1 283 9e-136 474 B19_GU907641 302 (1316.0)
denovo113 B5_AF499781 100.00 12 0 0 84 95 95 84 2.7 24.3 B5_AF499781 306 (1365.5)
denovo114 B1_AF333511 100.00 12 0 0 84 95 95 84 2.8 24.3 B1_JN558057 306 (1378.0)
denovo115 B5_AF499781 100.00 12 0 0 84 95 95 84 2.8 24.3 B5_AF499781 306 (1372.0)
denovo116 C46_EU449108 98.55 276 4 0 1 276 1 276 3e-148 515 C46_EU449108 300 (1361.0)
denovo117 B1d_GU907633 97.21 287 5 1 1 284 1 287 4e-144 502 B1d_GU907633 306 (1364.0)
denovo118 B1_AF333511 97.87 282 6 0 6 287 6 287 4e-147 511 B34_GU907649 306 (1363.0)
denovo119 C31.9_HQ630879 100.00 279 0 0 1 279 1 279 1e-159 553 C31.9_HQ630879 296 (1395.0)
denovo12 B1_AF333511 100.00 12 0 0 84 95 95 84 2.8 24.3 B34_GU907649 307 (1335.0)
denovo120 C1c/C45_EU449103 99.63 272 1 0 11 282 12 283 5e-153 531 C1c/C45_EU449103 300 (1373.0)
denovo121 A4_AF333509 96.47 255 8 1 1 254 1 255 2e-121 426 A4_AF333509 272 (1188.0)
denovo122 B1_AF333511 96.86 287 9 0 1 287 1 287 7e-143 498 B1_JN558057 306 (1354.0)
denovo123 B19_GU907641 100.00 12 0 0 84 95 95 84 2.8 24.3 B19_GU907641 304 (1359.5)
denovo124 B19_GU907641 97.17 283 8 0 1 283 1 283 7e-143 498 B19_GU907641 302 (1343.0)
denovo125 B19_GU907641 100.00 12 0 0 84 95 95 84 2.8 24.3 B19_GU907641 304 (1305.5)
denovo126 C1c/C45_EU449103 97.53 283 7 0 1 283 1 283 3e-145 505 C1c/C45_EU449103 300 (1352.0)
denovo127 C45a_AY765404 95.05 283 14 0 1 283 1 283 1e-128 450 C45a_AY765404 300 (1289.0)
denovo128 A4_AF333509 96.47 255 8 1 1 254 1 255 2e-121 426 A4_AF333509 272 (1188.0)
denovo129 A4_AF333509 98.04 255 5 0 1 255 1 255 2e-133 466 A4_AF333509 272 (1230.0)
denovo13 C1.6_FJ461493 97.53 283 7 0 1 283 1 283 3e-145 505 C1g_AY589730 300 (1352.0)
denovo130 G3.2_KC597694 100.00 270 0 0 1 270 1 270 3e-154 535 G3.2_KC597694 297 (1350.0)
denovo131 C1_AF333515 97.88 283 6 0 1 283 1 283 1e-147 513 C1_JN558041 300 (1361.0)
denovo132 C15_AY239369 100.00 278 0 0 1 278 1 278 5e-159 551 C15_AY239369 300 (1397.0)
denovo133 B1_AF333511 95.52 290 6 2 1 286 1 287 2e-133 466 B1_JN558057 309 (1338.5)
denovo134 A4_AF333509 96.47 255 8 1 1 254 1 255 2e-121 426 A4_AF333509 272 (1188.0)
denovo135 C3_AF499789 96.79 280 9 0 1 280 1 280 1e-138 484 C3_AF499789 300 (1325.0)
denovo136 G3.3_LK392377 94.39 285 1 2 3 272 3 287 5e-128 448 G3.3_LK392377 314 (1315.5)
denovo137 B1_AF333511 96.17 287 11 0 1 287 1 287 4e-138 482 B34_GU907649 306 (1336.0)
denovo138 B1.VI_Green2014 100.00 12 0 0 64 75 86 75 2.8 24.3 B7_AF499784 324 (1297.5)
denovo139 B19_GU907641 91.64 287 2 4 1 269 1 283 3e-108 383 B19_GU907641 306 (1258.0)
denovo14 C1089_AJ278598 96.43 280 9 1 4 282 4 283 6e-134 468 C1089_AJ278598 300 (1310.0)
denovo140 B1_AF333511 99.06 212 2 0 1 212 1 212 7e-115 404 B1_JN558057 324 (1239.0)
denovo141 B31_GU907645 92.93 283 2 2 4 269 4 285 5e-119 418 B31_GU907645 307 (1286.0)
denovo142 B19_GU907641 97.85 233 2 1 20 252 54 283 4e-119 418 B19_GU907641 305 (1189.5)
denovo143 B1_AF333511 96.86 287 9 0 1 287 1 287 7e-143 498 B34_GU907649 306 (1354.0)
denovo144 B1_AF333511 99.06 212 2 0 1 212 1 212 7e-115 404 B1_JN558057 306 (1221.0)
denovo145 C3_AF499789 100.00 283 0 0 1 283 1 283 5e-162 561 C3_AF499789 300 (1415.0)
denovo146 D1a.1_JF683338 100.00 271 0 0 1 271 1 271 7e-155 537 D1a.1_JF683338 298 (1355.0)
denovo147 B1d_GU907633 100.00 12 0 0 84 95 95 84 2.8 24.3 B1d_GU907633 306 (1354.0)
denovo148 B31_GU907645 97.54 284 7 0 4 287 4 287 7e-146 507 B31_GU907645 306 (1363.0)
denovo149 B1_AF333511 100.00 12 0 0 84 95 95 84 2.8 24.3 B34_GU907649 307 (1312.0)
denovo15 D1_JN558076 100.00 271 0 0 1 271 1 271 7e-155 537 D1_JN558076 298 (1355.0)
denovo150 B1d_GU907633 100.00 12 0 0 84 95 95 84 2.8 24.3 B1d_GU907633 306 (1283.0)
denovo151 B1d_GU907633 97.21 287 8 0 1 287 1 287 3e-145 505 B1d_GU907633 306 (1363.0)
denovo152 B1d_GU907633 100.00 12 0 0 87 98 95 84 2.8 24.3 B1d_GU907633 309 (1335.0)
denovo153 B1_AF333511 95.83 288 11 1 1 288 1 287 6e-134 468 B1_JN558057 307 (1326.0)
denovo154 B1_AF333511 96.48 284 8 1 6 289 6 287 6e-137 478 B34_GU907649 308 (1334.5)
denovo155 C1c/C45_EU449103 99.20 251 2 0 33 283 33 283 4e-138 482 C1c/C45_EU449103 300 (1325.0)
denovo156 C1089_AJ278598 95.05 283 14 0 1 283 1 283 1e-128 450 C3.12_FJ461507 300 (1289.0)
denovo157 B19_GU907641 97.17 283 8 0 1 283 1 283 7e-143 498 B19_GU907641 302 (1343.0)
denovo158 C3_AF499789 97.88 283 6 0 1 283 1 283 1e-147 513 C3_AF499789 300 (1361.0)
denovo159 C3_AF499789 98.23 283 3 1 3 285 3 283 3e-148 515 C3.22_HE579010 310 (1383.5)
denovo16 B19_GU907641 100.00 12 0 0 84 95 95 84 2.7 24.3 B33_GU907648 302 (1343.0)
denovo160 A13_JN558094 83.78 74 9 2 13 83 13 86 2e-04 38.2 A5_AF333508 341 (493.5)
denovo161 B1.IV_Green2014 99.26 136 1 0 14 149 1 136 6e-72 262 B1l_GU907639 319 (1141.5)
denovo162 B1_AF333511 98.85 261 3 0 27 287 27 287 1e-141 494 B34_GU907649 307 (1312.0)
denovo163 F4.6_AM748586 100.00 14 0 0 277 290 268 281 0.17 28.2 F3.4b_AM748616 348 (343.0)
denovo164 B1_AF333511 97.53 283 6 1 9 290 5 287 7e-143 498 B1_JN558057 310 (1354.5)
denovo165 C7_AF499797 100.00 283 0 0 1 283 1 283 5e-162 561 C7_AF499797 300 (1415.0)
denovo166 B1_AF333511 100.00 12 0 0 84 95 95 84 2.8 24.3 B34_GU907649 306 (1321.0)
denovo167 B1_AF333511 100.00 250 0 0 1 250 1 250 3e-142 496 B124_EU074874 306 (1300.0)
denovo168 A4_AF333509 95.08 244 12 0 15 258 12 255 4e-110 389 A4_AF333509 275 (1138.0)
denovo169 A4_AF333509 90.95 243 8 2 10 238 13 255 4e-88 315 A4_AF333509 272 (1072.0)
denovo17 C44_AY589750 96.47 283 10 0 1 283 1 283 4e-138 482 C45a_AY765404 300 (1325.0)
denovo170 B1_AF333511 98.95 287 3 0 1 287 1 287 3e-157 545 B1_JN558057 306 (1408.0)
denovo171 A4_AF333509 92.55 255 8 1 1 244 1 255 1e-103 367 A4_AF333509 272 (1133.0)
denovo172 C46_EU449108 100.00 283 0 0 1 283 1 283 5e-162 561 C46_EU449108 300 (1415.0)
denovo173 B19_GU907641 100.00 12 0 0 84 95 95 84 2.7 24.3 B19_GU907641 302 (1406.0)
denovo174 A1_AF333505 87.10 248 28 2 15 262 12 255 3e-61 226 A1_AF333505 280 (975.5)
denovo175 A4_AF333509 100.00 255 0 0 1 255 1 255 2e-145 505 A4_AF333509 272 (1275.0)
denovo176 A4a.1_FN429762 93.33 255 6 1 1 244 1 255 2e-108 383 A4a_AF499778 272 (1151.0)
denovo177 C66_AY589771 98.59 284 2 2 1 282 1 284 3e-148 515 C66_AY589771 301 (1372.0)
denovo178 C46_EU449108 96.47 283 10 0 1 283 1 283 4e-138 482 C46_EU449108 300 (1325.0)
denovo179 D1_JN558076 97.42 271 7 0 1 271 1 271 4e-138 482 D1_JN558076 297 (1292.0)
denovo18 C3_AF499789 97.53 283 7 0 1 283 1 283 3e-145 505 C3_AF499789 300 (1352.0)
denovo19 B1_AF333511 95.49 288 11 2 1 287 1 287 4e-129 452 B34_GU907649 307 (1311.0)
denovo2 B1_AF333511 96.83 284 9 0 4 287 4 287 4e-141 492 B1_JN558057 306 (1345.0)
denovo20 C3.12_FJ461507 97.17 283 8 0 1 283 1 283 6e-143 498 C3.12_FJ461507 300 (1343.0)
denovo21 A4_AF333509 96.47 255 8 1 1 254 1 255 2e-121 426 A4_AF333509 272 (1188.0)
denovo22 C45a_AY765404 96.47 283 10 0 1 283 1 283 4e-138 482 C45a_AY765404 300 (1325.0)
denovo23 C1c/C45_EU449103 97.88 283 6 0 1 283 1 283 1e-147 513 C1c/C45_EU449103 300 (1361.0)
denovo24 C44_AY589750 100.00 266 0 0 35 300 18 283 8e-152 527 C44_AY589750 317 (1343.0)
denovo25 C44_AY589750 97.53 283 7 0 1 283 1 283 3e-145 505 C44_AY589750 300 (1352.0)
denovo26 C1c/C45_EU449103 95.76 283 12 0 1 283 1 283 2e-133 466 C1c/C45_EU449103 300 (1307.0)
denovo27 A128_EF656430 85.19 54 8 0 13 66 13 66 3e-06 44.1 I3_FN561561 357 (480.0)
denovo28 F3.2a_AM748568 90.62 32 3 0 279 310 268 299 5e-05 40.1 F5.1_AM748592 363 (478.0)
denovo29 C20_AY239371 100.00 39 0 0 1 39 1 39 2e-16 77.8 F3.1a_AM748566 362 (462.5)
denovo3 D1a.1_JF683338 100.00 269 0 0 3 271 3 271 1e-153 533 D1a.1_JF683338 298 (1346.0)
denovo30 I2_FN561560 100.00 13 0 0 289 301 294 306 0.69 26.3 F3.1a_AM748566 362 (380.5)
denovo31 C46_EU449108 96.82 283 9 0 1 283 1 283 2e-140 490 C46_EU449108 300 (1334.0)
denovo32 A105_AB207202 88.37 43 5 0 24 66 24 66 8e-07 46.1 F3.2a_AM748568 377 (469.0)
denovo33 C1065_DQ335388 97.14 280 8 0 4 283 4 283 4e-141 492 C1065_DQ335388 300 (1334.0)
denovo34 B19_GU907641 100.00 12 0 0 84 95 95 84 2.7 24.3 B19_GU907641 302 (1379.0)
denovo35 B19_GU907641 100.00 12 0 0 84 95 95 84 2.7 24.3 B19_GU907641 302 (1406.0)
denovo36 C1144_DQ182637 100.00 278 0 0 1 278 1 278 5e-159 551 C1144_DQ182637 295 (1390.0)
denovo37 B2_JN558060 100.00 12 0 0 17 28 40 29 2.3 24.3 B2_JN558060 302 (1127.0)
denovo38 B19_GU907641 85.61 285 8 5 1 254 1 283 4e-70 256 B33_GU907648 307 (1133.0)
denovo39 G3.2_KC597694 100.00 14 0 0 174 187 248 235 0.17 28.2 I1_FN561559 367 (382.0)
denovo4 B2_JN558060 92.38 105 6 2 1 104 1 104 6e-32 129 B2_JN558060 306 (1148.5)
denovo40 B19_GU907641 97.88 283 5 1 1 282 1 283 3e-145 505 B19_GU907641 302 (1355.0)
denovo41 G3.3_LK392377 95.82 287 7 1 1 282 1 287 1e-135 474 G3.3_LK392377 314 (1335.0)
denovo42 B1.VI_Green2014 95.34 279 1 2 13 279 1 279 9e-130 454 B7_AF499784 318 (1306.5)
denovo43 B2_JN558060 85.51 283 2 2 1 244 1 283 2e-81 293 B2_JN558060 302 (1163.5)
denovo44 B1_AF333511 96.17 287 11 0 1 287 1 287 4e-138 482 B1_JN558057 306 (1336.0)
denovo45 C3.12_FJ461507 97.53 283 7 0 1 283 1 283 3e-145 505 C3.12_FJ461507 300 (1352.0)
denovo46 C15.26_KC597686 99.65 283 1 0 1 283 1 283 1e-159 553 C15.26_KC597686 300 (1406.0)
denovo47 C1c/C45_EU449103 98.94 283 3 0 1 283 1 283 8e-155 537 C1k_AY589733 300 (1388.0)
denovo48 B1_AF333511 100.00 12 0 0 84 95 95 84 2.7 24.3 B1_JN558057 306 (1301.5)
denovo49 B1.IV_Green2014 99.01 101 1 0 146 246 197 297 5e-51 192 B1l_GU907639 315 (1109.0)
denovo5 B19_GU907641 98.23 283 3 1 3 285 3 283 3e-148 515 B19_GU907641 304 (1368.5)
denovo50 C44_AY589750 99.59 245 1 0 39 283 39 283 6e-137 478 C45a_AY765404 300 (1298.0)
denovo51 C1c/C45_EU449103 95.41 283 13 0 1 283 1 283 6e-131 458 C1c/C45_EU449103 300 (1298.0)
denovo52 C1c/C45_EU449103 96.11 283 11 0 1 283 1 283 9e-136 474 C1c/C45_EU449103 300 (1316.0)
denovo53 G3.3_LK392377 100.00 130 0 0 113 242 158 287 9e-71 258 G3.3_LK392377 314 (1178.0)
denovo54 D1a_AF499802 99.63 271 1 0 1 271 1 271 2e-152 529 D1a_JN558078 298 (1346.0)
denovo55 B2_JN558060 90.81 283 4 1 1 261 1 283 4e-110 389 B2_JN558060 302 (1248.5)
denovo56 G3.2_KC597694 98.52 270 4 0 1 270 1 270 1e-144 504 G3.2_KC597694 297 (1314.0)
denovo57 B1.IV_Green2014 93.38 136 9 0 1 136 1 136 7e-53 198 B34_GU907649 306 (1051.5)
denovo58 B1_AF333511 97.91 287 6 0 1 287 1 287 5e-150 521 B1_JN558057 307 (1383.0)
denovo59 G3.2_KC597694 96.67 270 9 0 1 270 1 270 9e-133 464 G3.2_KC597694 297 (1269.0)
denovo6 B1_AF333511 96.86 287 9 0 1 287 1 287 7e-143 498 B1_JN558057 306 (1354.0)
denovo60 B1_AF333511 95.52 290 10 1 1 290 1 287 6e-134 468 B34_GU907649 309 (1334.0)
denovo61 B1d_GU907633 95.86 290 6 2 1 287 1 287 4e-135 472 B1d_GU907633 309 (1344.0)
denovo62 C31_AY258496 98.18 275 5 0 6 280 6 280 3e-145 505 C31_AY258496 297 (1337.0)
denovo63 B1d_GU907633 100.00 12 0 0 84 95 95 84 2.8 24.3 B1d_GU907633 306 (1274.0)
denovo64 B1_AF333511 100.00 12 0 0 84 95 95 84 2.8 24.3 B1_JN558057 306 (1435.0)
denovo65 B1d_GU907633 97.27 256 4 1 4 256 30 285 5e-128 448 B1d_GU907633 306 (1219.5)
denovo66 I2_FN561560 100.00 13 0 0 290 302 294 306 0.69 26.3 F5.1d_JN558069 355 (365.0)
denovo67 B19_GU907641 98.26 287 1 1 1 287 1 283 7e-152 527 B19_GU907641 306 (1394.5)
denovo68 B1_AF333511 96.17 287 8 1 4 290 4 287 6e-137 478 B1_JN558057 309 (1343.0)
denovo69 B1_AF333511 96.17 287 8 1 4 290 4 287 6e-137 478 B1_JN558057 309 (1343.0)
denovo7 F4.1_AM748572 100.00 18 0 0 272 289 264 281 7e-04 36.2 I1_FN561559 360 (460.0)
denovo70 D1a_AF499802 98.38 247 4 0 24 270 25 271 6e-131 458 D1a_JN558078 298 (1268.0)
denovo71 B19_GU907641 93.99 283 3 2 1 269 1 283 8e-124 434 B19_GU907641 302 (1292.0)
denovo72 C15.28_KC597687 97.84 278 6 0 6 283 6 283 1e-144 504 C15.28_KC597687 300 (1343.0)
denovo73 B1_AF333511 99.53 212 1 0 14 225 1 212 3e-117 412 B1_JN558057 319 (1257.0)
denovo74 B19_GU907641 100.00 18 0 0 1 18 1 18 7e-04 36.2 B19_GU907641 302 (1239.5)
denovo75 B24_GU907643 100.00 12 0 0 55 66 66 55 2.5 24.3 B24_GU907643 277 (1248.0)
denovo76 B19_GU907641 96.47 283 10 0 1 283 1 283 4e-138 482 B19_GU907641 302 (1325.0)
denovo77 C45a_AY765404 100.00 283 0 0 1 283 1 283 5e-162 561 C45a_AY765404 300 (1415.0)
denovo78 B1_AF333511 96.83 284 9 0 4 287 4 287 4e-141 492 B1_JN558057 306 (1345.0)
denovo79 B18a_AY258472 97.16 282 8 0 2 283 2 283 3e-142 496 B18a_AY258472 302 (1334.0)
denovo8 B19_GU907641 98.75 240 3 0 46 285 44 283 3e-129 452 B19_GU907641 304 (1296.5)
denovo80 C21.23_KC597693 99.64 276 1 0 1 276 1 276 2e-155 539 C32.2_JF683336 293 (1371.0)
denovo81 B18a_AY258472 98.22 281 3 2 4 283 4 283 4e-144 502 B18a_AY258472 303 (1354.0)
denovo82 B18a_AY258472 97.15 281 8 0 3 283 3 283 1e-141 494 B18a_AY258472 302 (1334.0)
denovo83 B18a_AY258472 100.00 12 0 0 84 95 95 84 2.7 24.3 B18a_AY258472 302 (1334.0)
denovo84 B1_AF333511 100.00 12 0 0 84 95 95 84 2.8 24.3 B1_JN558057 306 (1372.0)
denovo85 B19_GU907641 97.13 279 7 1 5 282 5 283 4e-138 482 B19_GU907641 302 (1328.0)
denovo86 B121_EU074870 100.00 12 0 0 84 95 95 84 2.8 24.3 B121_EU074870 306 (1354.0)
denovo87 C1c/C45_EU449103 98.36 244 4 0 40 283 40 283 3e-129 452 C1c/C45_EU449103 300 (1289.0)
denovo88 B19_GU907641 100.00 12 0 0 84 95 95 84 2.7 24.3 B19_GU907641 302 (1334.0)
denovo89 A4_AF333509 99.61 255 1 0 1 255 1 255 6e-143 498 A4_AF333509 272 (1266.0)
denovo9 D1a_AF499802 97.37 266 7 0 6 271 6 271 4e-135 472 D1a_JN558078 298 (1274.0)
denovo90 B19_GU907641 100.00 12 0 0 84 95 95 84 2.7 24.3 B19_GU907641 302 (1334.0)
denovo91 B19_GU907641 100.00 12 0 0 84 95 95 84 2.7 24.3 B19_GU907641 303 (1309.0)
denovo92 B19_GU907641 98.25 286 1 2 1 285 1 283 3e-148 515 B19_GU907641 305 (1380.0)
denovo93 C3.16_EU786015 96.47 283 10 0 1 283 1 283 4e-138 482 C7_AF499797 300 (1325.0)
denovo94 B1_AF333511 96.86 287 9 0 1 287 1 287 7e-143 498 B1_JN558057 306 (1354.0)
denovo95 B19_GU907641 97.17 283 8 0 1 283 1 283 7e-143 498 B19_GU907641 302 (1343.0)
denovo96 B1_AF333511 100.00 12 0 0 84 95 95 84 2.8 24.3 B1_JN558057 306 (1354.0)
denovo97 B19_GU907641 97.53 283 7 0 1 283 1 283 3e-145 505 B19_GU907641 302 (1352.0)
denovo98 C1c/C45_EU449103 96.82 283 9 0 1 283 1 283 2e-140 490 C1c/C45_EU449103 300 (1334.0)
denovo99 C44_AY589750 99.15 235 2 0 49 283 49 283 1e-128 450 C45a_AY765404 304 (1255.0)
